
======================================================================
Parameters (disk version):
No. of tuples            == 100
No. of attributes        == 11
Stop level               == 11
Data                     == data/testadata.rel
======================================================================

1 -> 10 
1 -> 11 
1 2 -> 3 
1 2 -> 4 
1 2 -> 6 
1 2 -> 9 
1 4 -> 3 
1 3 -> 4 
1 5 -> 3 
1 8 -> 3 
1 9 -> 3 
1 3 -> 9 
1 5 -> 4 
1 8 -> 4 
1 9 -> 4 
1 4 -> 9 
1 5 -> 7 
1 5 -> 9 
1 8 -> 9 
2 4 -> 11 
2 9 -> 11 
3 7 -> 11 
4 7 -> 11 
1 2 7 -> 5 
2 3 5 -> 11 
2 3 6 -> 10 
2 3 8 -> 10 
2 3 8 -> 11 
2 5 6 -> 11 
2 6 7 -> 11 
2 6 8 -> 11 
2 7 8 -> 11 
2 7 9 -> 10 
3 4 10 -> 11 
3 9 10 -> 11 
4 5 7 -> 10 
4 8 10 -> 11 
5 7 8 -> 10 
5 7 9 -> 11 
6 7 8 -> 10 
6 7 8 -> 11 
6 7 9 -> 11 
6 7 10 -> 11 
7 8 9 -> 10 
7 8 9 -> 11 
2 3 4 7 -> 10 
2 3 5 7 -> 10 
2 3 5 9 -> 10 
2 4 6 7 -> 10 
2 4 7 8 -> 10 
2 5 7 10 -> 11 
3 5 6 7 -> 10 
3 5 6 11 -> 10 
3 5 6 10 -> 11 
3 5 7 9 -> 10 
3 5 8 11 -> 10 
3 5 9 11 -> 10 
3 6 8 11 -> 10 
3 6 8 10 -> 11 
3 8 9 11 -> 10 
5 8 9 10 -> 11 
6 8 9 10 -> 11 

======================================================================
total_no_of_candidates == 1351
prune_key              == 2
prune_key_sub          == 5
prune_key_second       == 0
prune_rhs              == 85
prune_rhs_sub          == 115
prune_rhs_second       == 66
======================================================================

