1,1,1,1,1,1,1,1,1,1,1
2,2,2,2,2,2,2,2,2,2,2
3,3,3,3,3,3,3,3,3,3,3
1,1,4,1,4,4,4,4,4,4,4
4,4,5,2,4,5,5,5,5,5,5
5,5,1,4,2,6,6,6,3,6,6
6,6,6,5,5,7,7,7,6,7,7
7,7,7,5,3,8,8,8,4,8,8
8,8,5,6,6,9,9,9,7,9,9
9,9,5,6,7,10,10,10,3,10,10
10,10,6,7,1,11,11,11,8,11,11
11,11,8,8,2,12,12,12,5,12,12
12,12,9,4,4,13,13,13,9,13,13
13,13,10,9,6,14,14,14,10,14,14
14,14,10,3,2,15,15,15,2,15,15
15,15,10,8,3,16,16,16,9,16,16
16,16,4,8,8,17,17,17,11,17,17
17,17,11,1,5,18,18,18,12,18,18
18,18,11,2,8,19,19,19,10,19,19
19,19,4,6,6,20,20,20,5,20,20
20,20,11,2,9,21,21,21,12,21,21
21,21,2,10,8,22,22,22,11,22,22
22,22,7,6,9,23,23,23,5,23,23
23,23,4,4,10,24,24,24,10,24,24
24,24,10,3,3,25,25,25,6,25,25
25,25,12,6,6,26,26,26,12,26,26
26,26,12,7,2,27,27,27,10,27,27
27,27,6,10,4,28,28,28,11,28,28
28,28,11,10,4,29,29,29,11,29,29
29,29,1,3,10,30,30,30,5,30,30
30,30,12,10,9,31,31,31,9,31,31
31,31,8,6,5,32,32,32,10,32,32
32,32,10,9,6,33,33,33,11,33,33
33,33,1,7,5,34,34,34,11,34,34
34,34,8,4,4,35,35,35,8,35,35
35,35,11,2,5,36,36,36,6,36,36
36,36,10,7,6,37,37,37,7,37,37
37,37,1,8,5,38,38,38,1,34,38
38,38,6,9,1,39,39,39,7,38,39
39,39,12,8,8,40,40,40,9,5,35
40,40,10,5,8,41,41,41,3,39,40
41,41,4,4,10,42,42,42,10,40,41
42,42,12,5,6,43,43,43,8,41,42
43,43,9,8,4,44,44,44,2,42,43
4,4,4,3,10,45,45,45,2,43,44
44,44,11,1,1,46,46,46,4,44,45
45,45,12,6,5,47,47,47,3,34,46
46,28,12,4,5,48,48,48,11,45,47
32,46,2,1,6,49,49,49,10,46,48
47,47,9,7,6,50,50,50,10,47,49
48,48,9,4,6,51,51,51,10,48,50
49,49,12,9,10,52,52,52,11,49,51
50,50,12,3,7,53,53,53,12,50,52
51,51,4,5,10,54,54,54,2,13,53
52,52,1,9,6,55,55,55,7,1,54
53,53,12,1,10,56,56,56,12,51,55
54,54,5,3,7,57,57,57,5,9,56
55,26,4,2,7,58,58,58,4,52,57
56,55,11,2,2,59,59,59,2,53,58
57,56,4,6,8,60,60,60,3,54,59
58,57,10,8,7,61,61,61,10,7,60
7,58,6,10,8,62,62,62,7,55,61
59,59,11,2,6,63,63,63,3,11,62
60,60,9,6,4,64,64,64,9,56,63
61,61,2,9,6,65,65,65,9,57,64
62,62,9,8,7,66,66,66,9,58,65
56,28,12,2,8,67,67,67,1,52,66
63,12,9,9,8,68,68,68,6,12,67
64,63,7,6,3,69,69,69,6,59,68
12,12,7,9,3,70,70,70,6,60,69
65,64,6,8,1,71,71,71,6,61,15
48,65,1,3,7,72,24,72,11,47,70
66,66,5,3,8,73,72,73,4,14,35
67,51,11,2,2,74,73,74,12,62,42
68,5,9,6,1,75,1,75,11,42,71
69,67,8,5,3,76,74,76,7,7,72
70,68,9,2,9,77,75,77,8,63,73
71,69,6,5,10,78,76,78,1,64,74
72,70,9,10,6,79,77,79,1,65,75
73,71,3,7,8,80,78,80,7,49,76
74,72,5,10,2,81,79,81,3,58,70
75,73,7,3,8,82,80,82,8,66,77
76,74,1,6,10,83,81,83,4,67,78
77,75,6,6,6,84,82,84,8,52,68
78,76,7,7,6,85,83,85,3,68,63
79,77,10,5,5,86,84,86,9,47,79
80,78,9,7,1,87,85,87,12,16,80
81,79,1,8,3,88,86,88,8,69,68
82,80,12,5,4,89,87,69,2,20,81
83,81,4,8,7,90,88,89,11,70,82
84,82,3,5,3,91,89,90,8,71,83
85,83,9,3,6,92,90,91,10,14,84
86,84,10,2,10,93,53,92,3,72,85
87,85,1,6,6,94,91,93,12,43,86
88,86,7,6,7,95,92,94,8,73,43
89,87,3,3,6,96,93,95,7,7,72
90,88,7,6,6,97,94,96,1,74,87
91,89,1,3,1,78,95,97,5,56,88
92,90,9,8,7,98,96,83,8,5,89
93,91,11,6,3,99,97,98,3,32,90
81,92,9,9,2,100,98,99,12,5,91
94,93,5,3,5,101,99,100,9,68,92
95,94,5,4,6,102,32,32,2,48,93
33,95,3,7,6,84,100,101,12,68,94
96,96,6,6,10,103,101,102,3,75,95
97,97,11,8,3,104,102,103,6,72,96
98,98,1,4,2,49,103,104,7,76,97
29,29,2,6,5,105,104,105,4,24,98
99,99,5,7,8,106,105,106,11,77,99
100,100,2,3,2,107,106,107,5,27,100
101,101,11,9,6,108,107,108,5,47,101
102,102,11,7,6,109,108,109,5,78,102
103,103,10,4,6,110,109,110,8,3,103
104,59,2,9,4,111,110,111,4,39,104
105,55,8,1,9,29,111,112,12,79,105
106,104,9,2,8,112,112,113,5,71,106
107,105,7,3,6,113,44,45,6,80,107
108,106,11,8,6,114,83,114,2,14,108
44,30,7,1,7,115,50,115,5,81,109
109,61,9,6,5,116,113,116,6,23,110
110,107,12,9,3,117,54,117,7,82,111
111,98,11,7,8,118,114,118,5,32,112
112,108,11,5,3,119,115,119,5,48,113
113,109,8,5,6,47,116,120,11,83,114
114,110,5,10,6,120,117,121,6,21,115
115,111,10,5,5,121,33,33,1,6,116
32,112,10,9,1,122,118,122,11,14,117
116,113,8,2,6,123,25,123,6,81,114
117,114,5,7,9,124,119,124,4,55,99
118,115,3,7,1,102,120,125,2,4,118
119,116,1,7,1,125,121,126,12,84,119
120,110,9,3,8,126,122,127,11,7,120
121,117,8,3,5,127,56,55,11,85,121
30,30,1,7,10,102,123,128,12,43,122
122,118,6,1,2,128,12,129,1,47,123
123,119,7,6,10,129,124,45,6,55,124
124,120,12,1,4,130,125,130,8,86,125
125,121,8,2,5,131,126,131,6,70,106
126,122,2,5,8,132,127,132,4,1,126
127,123,8,2,5,133,128,133,4,87,127
128,124,3,9,6,62,129,134,3,76,128
129,125,1,4,8,134,77,135,3,88,129
130,126,5,5,8,135,130,104,2,65,130
131,127,2,3,6,136,131,136,12,63,131
132,128,1,2,1,137,132,137,3,75,132
133,79,11,3,8,138,133,4,3,86,133
134,129,2,3,5,139,134,138,6,89,134
135,130,5,8,6,28,135,139,12,85,128
136,131,11,1,10,140,136,140,2,90,135
137,132,1,7,10,141,86,141,4,23,136
138,133,2,10,5,142,137,142,9,24,137
139,134,6,6,9,143,138,143,8,26,138
140,135,5,8,7,144,126,108,7,82,139
141,136,10,7,3,145,139,144,1,37,140
142,137,1,2,6,146,140,145,10,91,141
143,92,7,1,3,147,141,146,12,13,142
120,36,5,4,5,148,142,147,5,19,143
144,138,10,5,9,149,143,148,4,92,144
145,139,4,8,2,150,144,90,7,89,145
146,140,7,5,4,134,145,149,8,93,146
147,141,12,1,5,151,146,150,12,19,147
9,142,6,1,2,152,1,1,1,25,148
148,143,10,6,6,153,147,151,3,94,149
149,144,7,7,7,154,148,96,11,95,150
150,145,4,6,7,155,149,152,5,96,151
151,146,11,7,4,6,150,147,11,83,152
152,147,1,6,3,133,151,37,5,67,153
126,148,11,4,7,156,152,153,9,36,14
153,149,9,3,5,157,153,154,4,87,154
154,150,9,3,9,68,154,155,8,37,155
155,151,2,10,10,158,143,156,12,97,156
156,152,11,7,10,159,155,23,6,35,108
157,153,7,4,5,160,156,85,5,46,157
158,154,1,2,6,161,157,157,11,57,36
120,155,9,7,1,162,158,158,12,98,158
38,156,12,2,9,163,159,159,8,41,42
159,157,4,8,9,164,160,160,5,17,159
160,158,5,1,3,165,161,161,9,16,160
161,159,7,6,1,134,162,162,9,66,161
162,160,8,2,3,166,163,83,6,20,162
163,161,1,2,2,167,164,163,8,99,163
164,157,11,10,6,168,165,164,3,51,164
165,75,12,9,8,27,166,71,10,26,165
87,162,11,10,6,169,167,165,7,77,45
79,163,10,2,10,170,168,166,6,100,166
83,164,5,9,4,171,169,162,9,62,167
166,165,5,3,1,172,170,17,7,93,168
167,148,7,6,3,173,171,167,12,101,169
168,166,12,3,6,174,127,132,1,88,170
169,167,4,2,7,175,172,168,1,14,171
170,168,10,1,10,149,173,169,4,61,172
171,169,1,9,4,55,174,170,9,53,173
172,170,10,6,7,57,175,171,11,102,174
173,171,7,1,10,118,176,14,1,52,66
174,4,11,6,3,176,85,87,12,81,175
175,166,11,2,6,177,177,161,4,93,176
176,18,12,7,2,178,178,170,10,19,142
177,85,8,2,3,179,179,172,6,65,177
178,172,3,3,5,48,180,173,11,2,89
179,173,10,5,2,180,181,174,4,103,178
180,142,4,8,5,98,182,175,5,19,143
181,174,3,3,6,181,183,176,12,70,179
151,175,1,9,9,182,184,177,3,69,180
158,176,3,4,6,183,185,178,8,104,7
182,177,3,1,7,184,186,45,1,105,181
71,69,5,9,6,185,187,179,12,106,182
183,94,9,9,7,186,188,180,9,8,183
184,178,6,9,7,187,189,22,1,58,153
13,86,10,10,3,188,190,181,7,50,184
40,22,7,9,10,189,191,182,10,78,185
185,179,9,9,3,20,192,183,4,107,186
186,78,12,5,3,190,193,184,11,82,187
187,180,3,6,1,191,194,185,4,31,188
123,178,4,1,10,192,195,186,10,18,189
159,157,3,9,3,138,196,187,5,34,190
188,46,2,3,10,193,197,188,10,92,191
175,181,9,2,9,85,198,189,8,34,192
189,182,3,10,3,71,199,13,12,15,193
190,183,7,5,7,194,200,16,9,98,194
191,152,2,3,2,195,138,190,7,83,195
192,184,5,1,9,196,201,191,1,108,196
193,185,7,1,2,113,202,10,5,87,197
194,186,8,3,10,197,203,131,9,41,188
195,187,2,6,5,198,204,192,6,21,115
196,188,1,9,1,199,205,168,11,48,198
197,70,9,7,1,200,206,193,4,70,199
198,189,9,2,2,201,124,22,3,70,200
38,190,1,9,10,62,207,194,3,66,201
199,191,8,5,4,202,208,195,3,109,202
200,192,11,4,5,169,209,196,4,37,203
120,193,1,5,3,203,210,197,4,110,167
116,194,3,10,9,204,211,198,9,9,204
72,160,3,2,7,205,212,199,11,111,205
201,45,4,7,3,206,213,200,3,5,206
33,195,9,9,6,207,137,142,3,85,207
184,153,1,6,2,208,214,201,10,46,48
202,196,12,8,10,209,215,202,3,69,134
203,153,3,6,4,62,216,203,8,112,208
204,197,2,4,4,210,217,204,5,78,209
205,198,5,9,5,211,89,205,5,71,210
206,199,4,10,3,212,5,206,3,89,211
207,105,10,2,6,213,218,187,7,43,212
208,200,5,5,5,214,219,77,5,56,88
209,201,8,7,7,215,220,91,1,30,213
210,202,12,7,1,216,221,207,8,53,214
174,203,6,9,2,217,222,208,3,25,215
211,167,1,3,9,218,117,121,6,79,216
212,204,9,3,9,219,223,124,6,59,68
213,205,11,7,4,202,107,209,7,42,185
214,206,11,1,7,220,224,128,4,77,217
215,207,7,3,9,221,225,210,12,31,218
216,208,4,8,6,88,157,211,10,16,58
217,209,12,3,5,222,226,149,9,105,219
109,173,6,2,4,223,227,169,11,40,209
174,16,11,2,2,224,31,212,7,58,25
218,210,4,10,2,225,228,213,3,19,220
219,211,4,8,2,226,229,214,5,52,221
220,212,1,7,1,227,230,42,1,7,222
221,15,3,2,8,64,231,215,2,13,223
30,213,3,5,2,4,75,180,4,104,65
222,214,3,1,9,228,232,216,8,54,224
223,215,9,5,7,229,233,217,8,112,208
224,134,12,6,4,230,234,26,1,113,225
225,194,12,6,2,153,235,218,11,78,226
226,216,10,6,7,231,10,219,2,80,227
227,217,6,10,1,221,236,220,9,17,228
203,153,7,8,3,232,237,95,10,53,229
28,218,8,10,10,233,238,221,4,37,203
228,219,8,5,8,234,118,222,2,24,230
229,208,2,2,10,235,239,223,10,111,231
230,220,6,8,2,236,240,224,7,43,212
231,221,10,3,8,65,241,225,6,103,232
232,222,1,2,5,237,242,226,5,35,233
233,11,2,5,4,221,243,85,11,31,234
121,117,11,10,9,238,82,84,8,66,235
234,223,3,1,9,239,244,227,3,114,236
235,224,3,1,4,240,112,113,7,115,237
236,225,6,9,3,241,245,228,12,116,238
237,212,6,10,9,242,246,114,3,64,239
154,226,7,1,4,243,247,229,11,8,240
49,227,9,9,6,244,248,230,7,5,137
209,201,12,1,6,245,249,43,6,67,241
238,228,3,6,6,246,250,231,7,105,242
135,229,1,6,7,247,251,232,7,58,25
178,172,2,1,2,248,252,233,9,83,243
239,230,12,3,7,249,253,87,2,111,52
240,231,1,9,4,250,254,18,5,65,244
200,232,6,9,8,251,255,137,11,86,245
241,68,7,4,10,252,256,234,1,44,246
242,233,5,4,4,253,257,201,4,33,154
243,234,7,8,7,254,179,235,11,57,36
244,235,7,1,10,255,258,171,1,117,247
245,236,9,9,6,256,259,201,8,118,248
246,237,9,1,8,106,174,76,12,68,94
247,238,5,8,1,257,260,11,5,116,202
248,140,11,10,6,258,261,236,4,119,249
192,176,8,6,4,259,262,52,9,49,206
249,214,10,10,7,260,263,237,9,32,250
123,239,8,9,7,40,224,3,10,55,251
250,240,2,5,7,261,69,152,6,45,252
251,184,3,10,7,262,264,238,8,99,163
116,241,12,2,3,178,10,239,9,21,253
252,191,12,5,1,263,265,240,6,69,254
88,242,11,4,3,147,198,241,9,18,255
253,145,12,3,2,264,266,242,12,53,256
254,169,7,3,9,265,267,59,7,71,257
1,9,10,4,7,266,268,243,10,76,258
255,243,12,10,2,11,269,48,8,109,259
256,112,7,5,6,267,233,244,3,120,260
20,244,6,5,6,268,41,245,1,62,261
257,141,10,9,5,266,270,246,11,121,262
88,57,6,7,9,269,271,247,5,61,36
258,245,6,10,6,103,272,123,2,86,263
116,157,10,4,3,270,261,248,12,30,264
259,246,12,7,6,147,230,249,4,49,53
260,247,5,7,2,164,273,250,7,51,265
261,75,1,7,3,271,274,166,9,101,266
262,248,2,1,1,272,224,251,2,69,267
263,212,5,8,6,273,169,211,7,63,268
264,249,9,8,3,274,275,161,6,122,269
147,122,7,10,6,275,225,252,12,123,155
153,250,11,3,9,195,276,219,4,60,136
265,251,11,5,10,276,277,253,4,122,233
266,252,5,10,6,113,278,254,3,124,270
49,253,9,5,10,62,210,255,4,63,271
267,254,6,8,6,147,279,256,2,90,272
148,7,6,5,4,277,280,257,9,95,38
268,255,4,9,8,278,239,258,2,85,273
269,256,6,2,2,279,281,37,7,36,274
270,76,7,10,6,280,151,195,1,23,275
271,147,7,10,5,281,282,259,2,108,79
272,225,6,7,5,282,283,142,1,21,276
205,257,7,5,5,254,284,260,5,51,277
62,62,10,1,6,147,285,261,4,102,278
196,46,12,4,9,283,201,262,12,51,279
273,66,2,1,1,284,286,263,11,109,280
274,258,1,10,6,285,287,19,7,103,281
275,259,12,5,5,185,3,115,3,59,282
276,260,2,1,3,286,288,117,8,108,37
163,161,8,10,4,287,203,67,3,5,283
277,261,1,4,5,261,289,127,12,116,238
29,29,6,7,6,288,290,162,4,57,256
27,262,6,3,5,289,164,163,3,82,30
174,263,9,6,9,290,291,264,5,58,284
115,264,8,10,5,291,44,50,10,120,285
171,260,10,10,10,77,269,75,5,113,286
211,167,4,6,10,292,245,228,2,69,287
278,203,8,9,4,293,292,90,11,2,288
279,265,8,6,6,258,51,265,7,75,289
58,174,4,1,3,294,47,101,12,5,163
280,185,10,7,9,295,293,13,12,125,290
281,44,4,3,9,87,294,190,11,9,163
282,266,4,7,4,296,295,220,5,23,291
137,267,7,1,5,297,54,266,3,78,292
111,268,4,10,8,298,196,41,10,36,293
283,60,8,4,5,299,296,267,2,60,294
284,269,7,6,9,199,120,44,9,102,295
210,176,5,7,8,300,297,268,1,40,296
88,270,11,1,6,181,298,269,6,49,297
146,95,8,9,8,183,299,270,9,98,298
285,190,11,9,2,26,97,194,2,102,299
176,24,12,4,4,134,300,271,5,85,300
57,69,6,4,2,301,301,272,7,108,301
59,271,6,4,7,302,91,147,10,88,302
286,168,3,6,5,303,72,73,9,23,303
287,272,8,7,1,139,302,13,12,126,304
288,218,1,4,6,288,73,74,2,18,305
289,15,5,10,10,304,298,273,10,4,192
80,78,2,3,1,245,303,274,4,78,306
290,269,4,8,1,32,140,275,7,24,307
291,189,8,5,7,305,304,116,9,82,308
284,149,3,9,3,306,305,276,11,89,309
292,144,4,8,6,227,306,277,8,40,310
104,273,1,1,10,85,307,278,7,124,311
293,274,9,8,6,307,308,279,2,89,312
294,275,7,3,8,308,309,78,7,63,53
295,276,6,4,4,67,310,220,6,102,313
296,277,8,5,4,309,268,243,7,89,314
118,278,9,4,5,199,169,280,7,74,204
180,140,3,1,7,237,311,281,1,49,315
119,279,5,7,7,310,312,282,8,34,316
297,280,12,1,6,311,240,283,2,19,317
298,281,2,7,5,312,313,284,3,119,12
299,282,7,9,1,313,132,285,4,18,318
72,20,11,7,3,314,314,286,7,119,319
40,283,4,2,8,138,315,69,7,1,54
167,284,10,5,6,315,102,287,10,116,320
300,3,5,2,3,316,235,6,10,55,251
301,249,11,4,7,317,256,288,3,62,321
302,285,5,4,1,318,316,289,9,49,322
303,286,3,1,8,68,317,290,4,105,323
304,69,2,9,1,111,318,291,12,124,324
305,66,3,1,5,319,10,208,12,123,155
306,287,11,9,4,320,319,149,12,34,325
136,288,6,7,8,321,320,292,6,59,68
253,289,8,5,2,322,84,128,12,98,158
307,290,12,8,8,323,321,258,11,123,182
198,291,3,8,3,189,322,293,11,38,326
308,292,9,3,8,324,323,249,5,96,89
241,90,2,9,6,325,324,230,4,71,327
183,3,8,3,10,326,325,294,4,55,99
70,293,4,9,10,327,326,295,4,39,328
6,238,6,8,6,328,17,296,9,11,329
309,294,9,3,9,189,327,60,6,3,202
259,295,5,2,5,329,328,297,9,69,330
310,238,7,5,6,330,197,188,4,74,10
208,296,12,2,8,300,311,224,8,6,331
215,216,12,5,4,331,329,298,3,8,332
311,297,11,2,3,332,330,299,10,99,267
312,282,8,6,8,333,114,263,7,102,333
55,298,4,4,4,334,331,187,3,35,334
271,299,7,9,1,335,55,300,12,15,193
313,36,2,10,8,336,332,6,9,8,183
314,142,2,4,4,337,333,301,11,73,335
170,300,1,2,4,338,334,302,11,127,336
189,301,6,1,5,339,335,136,2,68,337
315,302,11,9,6,340,336,303,6,70,106
316,303,4,4,10,341,337,195,2,78,338
317,256,3,10,9,315,168,304,6,126,153
318,10,10,9,2,167,228,131,7,66,339
319,248,3,10,6,342,338,162,10,49,340
320,302,4,3,7,329,42,305,11,65,341
321,304,12,5,1,343,339,306,5,63,342
322,305,5,5,6,344,5,25,1,26,343
323,210,5,6,3,86,116,94,11,9,163
324,210,1,3,1,110,340,270,11,78,226
84,102,4,10,7,345,341,307,6,78,344
325,246,6,8,8,346,227,89,10,18,189
326,55,7,3,2,324,260,308,4,7,345
196,229,7,1,4,169,36,36,4,104,65
327,266,5,1,6,273,122,276,11,34,34
328,306,3,8,10,166,342,309,12,32,346
329,307,12,2,10,347,16,148,3,111,347
52,308,6,6,9,348,343,173,9,4,348
330,309,11,1,8,144,344,99,8,104,349
331,310,1,1,4,88,159,310,12,118,350
332,311,8,3,1,349,345,311,8,41,351
74,312,12,6,10,350,22,264,3,48,352
333,313,12,9,6,351,152,312,12,103,353
188,314,1,4,9,352,320,313,8,34,316
334,315,1,7,9,353,231,314,1,64,291
335,316,11,1,4,354,165,315,2,92,25
336,317,12,7,5,355,346,247,6,104,354
337,318,12,3,1,13,347,316,3,24,355
20,136,2,1,5,356,204,230,9,39,356
286,319,9,6,9,357,348,317,10,64,357
322,305,6,9,3,37,349,318,12,74,358
16,297,6,3,6,358,350,211,7,5,359
338,320,9,1,8,359,298,269,11,4,360
339,321,12,9,6,360,158,158,6,60,153
147,322,12,10,1,361,6,129,8,73,43
273,323,1,2,9,362,351,96,3,25,215
255,324,1,4,5,305,162,319,4,90,361
340,325,5,4,9,251,284,159,2,77,362
341,203,1,8,5,363,96,244,1,24,363
123,229,1,4,7,364,113,169,12,79,105
111,160,7,8,4,293,352,96,11,70,364
342,326,10,6,4,365,353,40,12,55,365
343,37,8,7,2,313,71,320,8,109,259
344,327,11,8,1,366,77,245,12,31,218
89,276,7,2,8,367,354,321,12,70,155
258,37,4,5,7,212,355,322,8,127,95
252,328,4,3,4,368,267,62,7,115,32
345,329,12,10,6,369,356,323,12,33,120
346,43,12,4,6,370,357,314,9,22,366
347,192,10,4,6,371,278,324,4,5,367
304,330,7,5,10,372,358,325,1,23,368
348,331,3,4,3,184,25,326,4,78,306
344,327,6,1,2,373,195,327,7,113,35
349,310,3,7,6,36,178,266,10,54,369
350,185,11,3,8,374,223,1,8,36,348
106,109,5,9,2,205,359,324,12,67,370
8,107,6,2,6,375,360,328,1,106,309
351,332,3,2,5,376,361,329,10,69,231
352,333,12,1,6,377,362,178,4,72,371
22,334,10,5,3,378,342,330,10,78,185
353,213,10,7,6,191,363,331,7,11,350
354,37,7,8,2,344,364,332,4,43,77
355,36,4,5,2,379,307,204,6,55,124
356,315,1,1,8,380,365,129,2,123,372
56,180,1,6,9,381,366,122,2,64,373
357,335,8,1,7,382,65,65,11,93,374
358,330,9,9,2,100,226,149,4,88,375
359,336,6,5,7,92,203,95,4,126,376
298,337,1,4,6,190,367,333,8,30,265
314,338,12,5,7,8,138,334,6,7,7
325,339,3,4,8,383,368,230,5,46,377
360,340,11,5,4,384,258,335,5,66,378
70,341,10,2,3,385,156,336,6,42,379
361,160,12,10,1,386,121,299,11,20,380
55,325,2,5,3,116,369,337,8,118,248
362,262,4,6,3,387,370,338,2,43,44
363,342,10,7,10,189,371,339,2,125,381
9,343,4,5,10,388,372,19,5,12,12
364,21,12,8,3,389,200,237,3,27,382
102,27,2,6,7,390,373,201,8,81,279
115,213,8,8,8,391,48,48,3,55,383
365,130,12,2,6,324,374,340,2,17,384
366,344,4,3,9,392,375,233,5,20,385
54,345,11,9,3,393,376,246,1,104,386
367,292,1,3,7,394,377,333,9,47,238
368,346,4,9,5,217,378,180,12,55,365
369,84,4,7,1,98,70,142,12,120,110
3,347,8,3,3,212,5,18,9,73,36
370,164,11,7,8,395,379,21,7,88,387
371,224,1,5,1,374,380,193,1,13,388
191,348,2,7,7,396,77,128,7,102,333
184,178,8,10,5,65,381,341,4,90,389
301,12,7,2,1,397,382,342,6,112,390
130,349,4,7,6,398,372,19,10,87,391
372,275,6,2,4,399,383,126,1,26,343
202,196,12,9,7,381,384,343,11,102,392
373,126,4,8,8,367,385,204,3,128,347
84,82,9,4,5,174,386,344,2,11,393
374,267,3,6,3,400,38,38,5,44,208
375,281,6,10,7,401,387,209,9,39,394
2,350,12,6,6,272,370,19,3,9,96
110,238,6,6,9,402,388,345,6,64,395
376,335,10,2,9,403,363,86,5,67,153
55,351,1,1,6,404,389,21,5,124,396
377,8,1,2,6,405,390,346,6,96,397
378,130,2,2,7,250,249,35,10,56,7
228,219,2,3,1,19,391,18,2,23,238
207,352,1,6,2,139,392,347,1,5,398
379,353,10,10,7,300,393,97,9,59,399
108,36,4,9,9,338,394,348,12,18,18
380,354,5,7,1,308,395,286,4,92,144
34,2,2,3,4,406,396,340,7,102,333
122,262,7,1,10,407,187,264,2,86,96
88,242,1,9,6,408,17,69,12,129,338
282,355,5,10,9,409,397,349,9,25,400
182,177,2,8,2,410,297,350,12,68,94
381,356,4,10,5,407,322,226,9,33,401
40,214,2,3,6,411,49,49,8,28,402
373,126,8,2,1,231,398,89,6,116,403
106,157,10,4,5,412,302,78,10,106,404
382,88,6,7,4,413,399,88,8,21,405
383,100,9,3,6,414,400,351,2,20,81
154,249,12,7,9,415,401,42,10,46,406
384,265,12,7,5,416,144,351,4,43,407
385,217,2,6,3,417,264,352,5,73,408
182,357,2,9,5,418,402,353,6,87,409
386,188,10,9,8,419,403,106,5,77,150
193,185,11,9,10,420,296,318,6,128,410
387,45,5,10,2,421,404,49,8,18,238
137,132,4,5,10,422,405,238,7,36,286
388,293,5,3,8,423,405,354,3,128,347
139,145,6,4,2,424,140,145,10,72,70
389,358,7,2,8,425,406,355,11,101,411
390,359,12,5,8,426,327,356,11,51,412
95,181,4,4,8,427,407,357,11,15,328
391,360,1,6,10,20,381,358,2,19,317
392,7,1,7,2,16,263,221,10,14,413
314,275,5,6,5,428,408,259,12,75,127
252,196,2,9,5,429,409,215,6,118,414
309,79,4,2,4,430,178,359,9,2,96
393,361,3,5,4,431,23,360,8,33,415
394,362,7,4,2,432,403,274,5,44,208
395,363,10,8,6,62,337,49,8,130,416
3,112,4,8,3,433,410,361,5,121,417
396,364,9,2,8,158,359,362,5,78,102
308,292,6,9,3,434,411,129,4,108,418
397,365,6,3,8,435,412,20,10,31,419
344,327,2,10,3,436,413,363,9,62,420
398,189,12,2,5,41,311,253,1,94,421
399,221,12,6,7,316,210,197,4,114,422
400,366,9,4,5,109,184,131,9,27,423
136,224,6,5,6,185,414,327,8,31,3
401,185,1,3,1,437,415,364,8,18,238
402,60,12,6,4,438,295,365,8,52,424
403,367,4,1,8,172,416,366,8,45,425
404,3,4,8,8,322,385,367,9,126,426
405,242,3,9,7,353,151,37,8,29,427
406,368,3,4,9,439,417,93,11,69,428
303,145,6,5,7,440,418,268,8,117,429
150,369,10,7,6,293,419,157,3,113,430
407,78,10,8,2,156,176,243,3,35,354
344,338,1,4,2,26,420,368,3,3,431
408,173,1,2,4,441,37,369,1,16,432
170,28,11,5,10,442,421,370,4,17,337
14,14,9,4,8,184,422,113,10,75,410
76,29,8,9,10,443,423,142,10,59,284
177,370,9,2,9,444,424,340,1,43,202
409,47,12,2,6,378,139,272,7,12,433
410,68,9,8,8,445,376,3,11,95,434
339,371,9,5,10,446,425,371,2,38,435
176,252,12,2,2,447,160,372,9,72,200
411,372,4,10,3,189,207,194,4,41,341
412,257,3,7,9,253,63,63,4,26,436
147,373,9,4,6,448,426,373,6,95,162
413,374,10,1,2,449,184,374,4,121,93
414,234,10,8,6,34,427,375,10,47,437
415,375,11,8,3,450,428,248,2,21,161
235,261,12,5,9,451,331,43,10,92,191
227,217,3,9,5,452,429,14,7,97,438
416,150,5,3,6,25,45,105,12,123,135
395,140,5,3,1,453,430,373,1,41,439
30,376,10,8,3,454,41,132,11,83,440
367,377,12,3,7,455,431,376,11,128,25
252,378,7,9,3,19,257,201,3,69,180
417,55,10,5,2,456,432,330,8,83,381
65,336,9,9,4,283,433,164,5,115,441
193,231,4,10,10,386,434,130,1,101,442
418,379,7,9,9,457,34,87,6,85,9
46,28,12,4,1,458,435,377,1,30,238
419,137,10,6,8,98,238,24,3,16,443
289,243,8,9,7,459,436,46,5,31,444
420,380,6,10,2,460,384,86,12,60,386
421,366,5,1,1,461,45,5,1,1,61
8,381,5,2,9,176,220,378,8,51,445
422,279,3,4,3,58,166,379,7,3,27
423,351,10,9,4,462,437,380,8,116,446
87,202,9,3,5,463,438,166,11,74,325
246,232,6,10,5,428,19,140,1,71,447
424,382,8,4,10,464,263,129,5,128,53
20,165,2,9,7,465,260,221,8,85,164
425,383,8,2,9,466,348,317,8,90,245
426,384,5,7,2,421,410,352,4,90,448
295,253,5,4,8,278,439,58,5,31,449
427,385,1,9,10,467,440,53,4,85,450
428,386,10,6,8,431,272,19,8,54,224
184,181,6,6,3,217,441,282,3,3,431
140,123,8,5,4,119,180,381,8,114,451
53,69,11,3,6,468,442,373,3,90,452
406,199,12,2,4,399,77,135,8,82,453
346,387,9,1,10,469,443,46,10,69,454
429,369,12,6,10,64,444,382,10,79,173
255,243,10,6,6,470,445,201,4,28,455
430,220,2,3,10,471,446,383,1,130,456
113,105,2,7,5,472,242,384,9,127,457
431,388,1,9,9,473,447,172,10,8,376
259,246,12,4,3,474,276,385,1,37,458
350,389,12,7,1,266,15,127,1,39,459
432,383,11,2,7,151,448,386,11,117,460
433,15,11,1,10,285,449,387,1,39,459
343,390,9,6,6,475,34,381,11,94,461
434,286,2,4,7,452,154,388,6,40,462
79,171,10,9,6,476,426,263,3,52,463
435,257,4,8,4,477,450,389,6,73,464
436,67,3,8,6,478,341,366,10,96,465
437,391,3,9,4,479,451,150,3,61,466
361,128,1,6,3,480,452,390,4,112,467
144,235,1,9,6,481,218,391,4,102,468
438,375,10,1,8,294,297,350,5,32,112
139,134,1,6,6,79,174,131,4,103,178
83,392,1,2,7,348,346,154,10,77,104
132,393,11,4,7,473,453,241,12,127,98
240,394,5,7,7,482,454,283,12,108,84
386,395,5,2,1,197,377,153,12,99,469
331,310,7,1,7,483,455,273,8,80,470
439,396,1,9,10,37,456,392,2,36,471
440,374,11,3,6,393,457,117,9,129,472
441,283,1,4,8,414,458,393,12,51,473
219,397,3,6,4,122,459,271,7,73,120
219,170,5,3,3,306,460,27,2,50,250
156,185,5,7,1,484,461,394,11,34,34
442,220,11,7,6,485,462,313,7,97,474
443,131,2,6,5,486,463,294,2,33,475
378,398,10,10,3,195,36,36,4,84,476
136,288,7,7,5,487,176,335,4,118,477
252,328,4,2,9,488,355,395,8,77,283
444,18,7,8,5,489,464,363,7,62,478
445,394,8,1,1,486,304,29,7,62,96
404,79,9,6,6,173,465,78,5,76,479
246,237,4,7,8,490,328,396,10,30,480
161,132,11,10,6,491,93,397,11,94,176
446,223,12,1,9,115,466,240,10,100,293
173,324,11,10,6,492,467,41,4,66,176
22,22,3,9,2,493,184,139,3,73,481
208,26,5,5,4,134,468,217,9,42,152
77,76,4,4,1,193,2,177,9,103,482
447,399,11,3,9,494,157,398,3,2,483
448,115,4,3,9,495,107,108,5,5,5
352,333,12,7,5,496,393,97,4,83,142
86,140,7,5,6,497,424,399,10,116,39
152,147,9,2,5,498,469,128,4,46,484
138,162,1,3,6,247,470,151,12,23,232
449,343,4,3,8,499,371,339,10,10,10
450,286,5,2,9,500,471,147,8,62,202
451,388,10,3,2,210,472,400,10,87,485
88,138,12,2,4,248,473,116,3,24,355
306,46,3,4,3,342,332,401,2,24,230
452,256,5,5,6,497,134,402,12,49,486
116,232,12,5,3,118,474,403,6,57,487
453,95,1,8,7,501,230,249,11,56,488
454,400,6,5,2,189,475,404,1,26,343
435,337,6,6,4,31,476,337,7,55,61
455,132,3,1,10,223,143,169,4,81,489
108,36,2,2,7,502,138,110,5,38,490
456,401,8,10,4,503,477,154,4,67,332
457,402,5,7,2,55,478,45,6,1,491
457,403,9,10,2,504,420,368,1,57,492
431,404,9,4,4,505,62,326,12,40,91
334,169,5,7,4,506,479,405,3,111,347
458,159,10,9,9,141,480,406,1,69,154
417,55,9,4,6,507,481,71,4,94,493
459,308,2,2,10,508,313,284,7,83,494
266,170,6,9,9,195,55,163,9,129,255
460,144,11,3,2,406,246,109,8,49,495
461,365,2,6,1,125,142,407,1,33,120
360,340,12,1,2,509,482,54,3,70,200
459,286,12,3,10,42,430,373,4,108,418
2,387,1,7,9,404,483,408,9,12,256
4,405,2,9,9,510,484,409,8,75,496
462,406,12,4,1,511,485,104,10,42,497
444,407,11,2,4,479,326,277,9,32,250
174,65,10,2,9,221,441,282,9,20,144
380,349,7,3,8,512,80,82,6,105,7
463,237,5,6,1,76,391,410,3,46,493
24,124,10,9,5,213,227,411,6,21,115
464,196,12,3,10,513,431,412,5,37,109
465,43,1,7,6,197,486,85,10,109,223
466,73,11,1,8,514,48,381,5,93,498
463,169,11,2,4,515,202,350,8,62,202
467,408,1,4,10,516,455,20,12,32,346
468,409,9,9,2,517,16,153,5,18,499
391,360,7,9,4,518,487,413,6,13,500
35,410,2,8,10,519,261,98,12,107,288
340,411,1,8,1,62,401,414,4,32,501
194,299,2,3,5,520,471,415,9,55,377
469,160,10,8,9,390,147,63,2,52,502
470,262,10,1,1,521,326,330,10,38,6
280,176,9,10,10,54,364,188,9,113,503
342,326,3,6,8,522,13,416,8,76,324
471,357,8,3,10,279,334,391,9,90,176
472,231,7,9,5,523,488,272,6,114,130
473,259,5,2,4,463,489,233,11,72,504
474,231,7,4,3,524,237,187,6,37,354
475,412,1,8,4,525,490,198,11,82,187
357,335,1,2,6,15,112,113,11,86,448
476,347,11,1,3,526,491,417,3,119,505
477,250,8,7,10,526,492,7,6,6,506
478,413,8,5,4,527,493,390,7,118,503
450,252,1,10,6,437,494,418,3,39,507
479,297,8,7,3,270,495,140,7,95,210
11,127,5,6,6,528,412,5,3,21,81
54,161,12,6,1,152,362,264,7,91,508
480,337,3,9,6,77,445,419,10,53,509
477,379,6,5,10,529,442,30,10,82,55
246,50,9,6,9,409,259,396,9,86,510
142,414,8,9,6,530,496,25,5,65,511
481,415,5,6,9,454,497,420,2,63,512
482,248,5,10,8,531,145,149,3,56,513
230,416,7,10,4,128,173,421,3,90,452
422,91,9,3,5,40,50,50,2,40,514
483,246,10,4,2,195,203,67,4,92,144
484,417,11,4,9,532,189,12,12,24,201
414,290,2,2,4,392,436,46,2,58,515
79,106,9,1,6,224,310,412,7,29,516
383,418,2,6,6,533,355,422,11,115,517
70,68,5,8,7,534,456,392,1,84,518
410,138,1,5,6,288,409,423,3,105,519
301,393,10,9,6,478,498,13,11,5,385
362,419,7,7,6,419,136,424,9,36,14
322,420,11,9,5,535,374,115,2,52,502
210,74,3,2,6,145,499,142,5,31,520
485,295,10,3,4,175,499,317,4,54,521
486,408,6,7,6,536,139,58,3,95,522
279,385,2,8,1,537,500,303,7,17,523
487,179,2,5,3,22,501,422,9,5,524
488,158,4,5,5,538,428,425,2,122,525
375,263,10,8,1,539,177,84,12,115,526
489,344,3,9,10,540,502,159,10,28,527
140,146,8,6,6,541,503,240,5,87,528
487,185,2,8,2,460,175,426,7,30,529
490,127,2,2,6,542,410,427,7,59,530
491,295,3,6,7,259,120,335,6,83,531
129,421,6,4,6,435,409,428,5,65,244
219,422,12,7,4,543,191,429,9,44,273
175,92,8,1,1,408,504,82,8,124,532
201,423,4,8,10,9,227,411,2,7,6
492,373,1,7,6,366,505,375,3,91,533
86,424,4,10,10,544,506,9,8,86,177
191,279,11,5,6,545,111,430,12,89,534
113,5,8,1,9,488,153,138,10,65,238
215,425,7,7,2,546,45,431,8,78,535
286,57,12,7,7,547,446,383,6,70,106
493,146,11,3,5,522,439,58,4,63,100
494,104,9,3,4,364,146,432,4,89,536
495,64,6,10,4,542,107,147,9,88,90
96,200,7,4,9,548,507,433,3,126,435
264,426,9,10,6,549,508,434,12,39,537
496,108,4,7,6,550,509,67,2,68,538
176,345,4,3,1,551,510,435,3,86,133
452,256,5,5,10,552,340,316,5,18,499
252,396,2,1,5,553,343,4,9,55,377
471,216,3,10,8,554,261,236,10,121,539
252,362,9,7,7,555,98,131,8,37,540
497,427,2,3,6,556,511,436,5,117,541
498,102,3,1,5,557,512,437,11,4,67
458,138,8,1,1,550,513,438,7,93,542
499,87,12,1,1,255,181,108,8,20,81
393,131,11,5,1,57,512,81,10,15,175
387,240,3,6,9,558,470,107,6,65,543
281,266,3,10,6,559,514,366,7,97,279
146,95,11,2,5,209,471,415,7,119,319
120,78,5,7,10,184,40,49,9,15,273
434,158,6,3,5,103,99,312,11,118,544
500,189,12,8,8,200,81,435,1,61,312
33,417,2,10,10,62,515,439,3,26,249
501,116,12,3,3,516,516,113,2,20,492
456,412,2,9,1,560,269,322,5,59,545
488,331,8,7,2,410,180,184,1,111,546
453,228,7,10,6,561,517,156,2,62,547
92,395,6,7,6,562,518,440,7,120,548
44,37,6,1,7,92,519,151,6,32,433
8,209,1,1,10,186,520,441,10,117,549
502,428,2,1,9,94,521,442,4,46,484
66,429,1,5,5,473,178,146,3,113,550
503,21,7,7,3,36,73,374,6,60,551
328,29,4,10,5,563,199,133,11,47,552
57,85,8,3,1,564,522,443,2,117,553
144,235,5,2,8,565,321,444,10,14,272
478,430,4,8,10,566,313,129,12,42,554
118,347,8,8,2,567,241,332,1,19,467
262,391,2,2,6,515,13,194,8,5,89
94,356,12,2,8,568,260,215,5,9,251
504,422,1,10,6,569,351,445,2,88,374
339,77,4,6,3,570,79,446,12,104,555
123,431,12,6,6,571,523,447,4,13,556
235,224,2,8,6,197,224,208,6,100,557
227,432,1,1,6,572,524,197,1,112,43
505,377,12,7,9,124,521,448,1,16,558
150,369,10,7,6,343,430,331,2,46,343
48,65,9,6,1,573,525,122,6,130,100
208,166,7,8,8,574,386,449,12,84,119
176,203,5,3,2,129,526,181,4,39,104
506,66,10,2,8,575,527,448,3,30,326
507,109,6,4,4,98,528,425,8,59,559
471,226,1,2,3,576,50,450,12,70,504
508,431,10,9,7,577,327,168,9,52,36
189,182,11,9,8,93,13,299,2,94,560
161,433,1,7,9,128,529,451,12,21,21
96,434,7,2,7,167,233,220,5,108,25
38,302,2,4,3,578,432,171,12,88,561
82,96,1,6,4,579,530,392,4,69,68
405,31,9,1,9,388,531,441,7,70,562
509,268,8,8,8,580,417,403,5,54,563
31,140,2,5,5,428,532,181,4,70,199
345,329,6,5,10,423,533,394,8,76,108
410,435,9,6,1,262,380,46,1,11,564
362,262,10,5,2,66,160,452,5,19,565
61,225,7,7,6,581,56,237,6,50,566
510,210,2,1,1,582,534,102,12,6,310
370,164,7,3,8,583,515,87,11,28,567
64,63,8,4,3,584,233,13,11,60,568
254,165,5,4,8,585,134,453,8,60,458
394,362,11,8,7,295,535,454,8,28,402
210,436,11,7,1,189,536,402,11,30,133
181,35,3,5,2,216,400,454,7,96,354
1,20,2,1,10,118,537,214,8,122,569
511,300,2,9,3,586,260,360,4,79,238
300,99,5,3,7,587,177,238,12,95,138
366,179,12,3,6,514,13,417,5,58,284
38,38,1,1,4,588,450,389,3,128,570
395,363,9,10,8,324,538,10,6,101,8
2,8,7,1,6,19,539,298,2,64,373
128,121,1,8,10,446,43,182,3,53,571
512,138,9,4,2,589,540,215,1,80,572
513,254,12,4,1,213,35,35,3,31,279
514,437,4,9,1,590,541,421,3,71,562
149,289,8,10,5,535,435,377,2,6,573
2,387,4,4,7,511,159,455,10,94,438
515,438,6,6,2,591,87,456,9,58,65
350,250,9,9,4,466,542,310,3,87,574
516,73,3,8,9,104,185,278,5,104,575
260,149,12,4,1,592,459,69,12,50,52
226,48,6,1,9,593,534,457,9,60,576
98,140,7,1,4,393,53,53,8,80,470
171,3,10,7,10,123,101,244,12,11,221
336,317,6,2,9,382,184,82,8,47,577
517,437,8,8,10,594,211,198,10,93,329
350,119,9,7,10,595,233,69,10,95,578
518,76,1,2,8,499,543,458,3,110,290
519,25,6,9,5,596,409,90,9,14,550
348,216,4,10,3,416,544,320,12,120,110
520,136,1,6,7,597,391,410,8,119,281
506,365,7,4,6,141,119,258,11,31,579
282,286,4,8,8,203,545,239,11,21,580
149,307,2,10,6,598,3,260,4,19,573
521,93,9,5,9,599,65,137,2,75,467
522,439,2,9,6,107,546,459,9,111,581
523,161,4,1,5,476,532,265,9,38,582
285,253,8,4,1,275,547,350,1,54,522
524,265,3,2,8,600,325,240,11,1,583
63,44,12,9,2,601,370,338,7,54,584
229,128,12,7,6,602,224,460,12,77,330
322,267,11,4,3,42,144,461,6,51,585
525,11,7,9,7,79,440,106,10,117,586
487,440,7,6,2,67,548,71,3,108,508
249,135,8,3,4,580,483,86,11,25,359
25,240,8,2,6,603,549,79,10,107,587
526,414,1,6,5,206,138,110,6,1,491
79,147,5,9,8,314,550,447,4,84,476
527,326,3,8,6,604,469,128,5,83,588
512,261,5,5,6,206,551,435,9,2,96
266,441,8,10,7,489,327,248,10,16,58
103,103,12,2,5,605,552,462,12,94,589
422,279,6,3,3,147,31,373,4,61,590
355,238,4,7,4,606,479,463,3,44,591
528,442,1,1,1,607,553,283,10,110,592
436,162,6,5,10,607,554,225,4,54,593
529,124,7,5,2,310,313,446,12,93,594
527,10,1,4,9,212,80,75,5,6,595
490,443,3,4,4,304,394,464,10,112,190
530,435,9,4,8,608,555,140,6,12,67
250,240,8,3,7,258,50,50,2,43,44
516,227,10,7,6,609,556,285,12,83,575
391,408,12,2,8,610,557,66,1,112,596
417,113,1,2,4,310,324,141,12,109,262
449,444,4,4,1,611,315,395,9,47,79
43,445,4,4,4,11,50,213,12,51,160
123,260,10,2,4,263,558,195,5,72,25
323,210,8,2,9,263,81,419,3,12,93
313,70,6,10,5,468,380,414,5,103,497
133,89,4,1,2,612,559,129,11,71,65
531,446,2,2,4,408,560,163,9,22,597
96,447,6,8,4,613,11,228,9,73,598
75,240,8,10,6,401,561,148,6,122,269
457,448,3,1,6,548,445,50,7,108,301
288,218,2,1,10,614,562,187,5,65,244
74,359,1,3,5,615,380,115,3,14,475
95,449,12,10,4,616,76,345,4,46,484
532,450,11,1,7,175,466,433,8,25,599
431,275,5,3,5,296,349,465,10,5,431
509,286,6,5,9,617,351,412,4,22,600
116,232,2,5,6,618,13,299,2,5,315
105,366,10,3,3,619,563,148,6,86,601
349,84,4,7,3,620,354,466,4,100,114
533,187,12,5,7,95,461,467,8,126,602
517,451,1,1,5,621,460,27,5,35,392
534,38,8,7,2,140,186,84,9,24,137
261,2,10,6,8,97,455,424,8,44,603
72,201,7,8,8,622,395,293,1,79,75
397,452,9,7,1,623,99,15,11,19,604
101,438,3,6,5,624,54,130,7,5,605
24,322,10,10,6,324,394,56,7,124,606
535,453,7,4,9,625,304,180,6,112,607
47,33,12,10,8,626,564,181,6,1,608
113,422,1,1,6,361,469,124,12,120,110
470,172,9,9,4,65,565,61,7,105,242
375,454,11,10,4,627,189,280,4,117,609
21,349,4,6,6,235,254,203,9,63,610
536,359,3,6,1,511,480,468,9,23,303
537,92,11,7,10,628,566,392,3,103,611
3,322,9,3,10,243,95,367,3,81,612
248,29,4,10,5,496,54,404,5,86,176
419,455,9,6,1,629,249,43,3,102,527
490,332,5,7,9,630,338,469,12,45,613
5,45,6,1,9,631,180,40,12,117,614
538,456,12,2,4,632,567,407,4,91,615
377,410,11,7,3,585,504,162,10,79,616
5,14,8,4,3,633,568,105,3,57,236
539,134,3,3,10,92,168,104,6,67,93
32,16,1,1,9,634,123,132,5,82,617
540,181,9,5,3,360,394,70,8,101,618
481,457,9,6,7,554,569,470,10,32,196
541,121,7,1,2,184,348,287,10,96,465
341,203,8,8,3,635,328,413,9,122,329
542,267,12,2,6,272,570,388,1,38,400
265,251,4,7,6,568,462,331,2,19,317
100,201,5,10,9,49,501,422,4,98,619
380,269,5,8,2,164,467,408,4,99,110
511,458,3,6,8,636,571,334,4,62,255
430,406,7,2,1,637,572,471,2,25,128
383,100,9,2,1,394,130,466,9,118,620
543,459,4,7,8,358,467,41,6,82,174
374,357,7,10,6,606,217,472,6,15,621
214,460,11,4,6,638,173,28,8,88,622
544,409,5,5,5,224,402,272,7,16,623
168,210,6,3,2,639,118,337,2,44,149
545,461,11,7,10,357,556,422,7,2,624
139,134,12,9,3,640,573,246,8,100,625
546,244,9,8,1,1,574,189,6,57,279
249,282,1,7,8,584,575,473,3,66,626
169,341,10,10,2,277,576,358,11,3,627
182,103,3,6,4,446,331,60,10,117,549
112,108,12,9,9,195,307,313,12,122,408
19,19,12,8,6,641,312,363,9,99,198
441,283,5,2,3,642,577,255,5,104,575
534,127,3,7,2,62,463,129,6,101,288
118,278,6,10,3,643,578,320,3,98,628
314,187,4,5,1,428,579,240,9,48,629
91,442,3,2,8,387,520,157,4,56,630
401,124,8,3,3,490,48,48,1,28,263
357,335,6,10,9,644,448,386,1,10,631
547,462,8,4,6,541,560,174,1,19,467
352,365,4,9,9,645,526,303,10,28,632
205,244,12,1,2,646,14,405,12,85,128
91,89,11,1,8,625,580,442,4,94,493
32,46,11,2,6,647,65,65,9,87,633
329,307,9,5,5,335,470,295,1,52,634
309,294,10,10,5,648,399,430,2,118,635
343,106,10,10,3,649,468,324,5,119,481
98,101,8,9,9,650,401,183,6,48,636
548,92,9,6,7,181,511,33,8,105,26
182,177,9,9,4,507,157,69,4,17,337
243,234,7,9,6,651,269,7,6,84,68
549,179,1,10,7,203,130,104,2,7,6
431,152,5,9,3,652,308,129,3,50,57
