1,1,1,1,1,1,1,1,1,1,1,1
2,2,2,2,2,2,2,2,2,2,2,2
1,3,3,1,3,3,3,3,3,3,3,3
3,4,4,3,4,4,4,4,4,4,4,4
4,5,5,1,5,5,3,5,5,1,5,5
1,5,6,4,4,6,5,6,6,5,6,6
5,6,7,3,3,7,6,7,7,6,7,7
6,7,8,4,6,8,7,8,8,7,8,8
3,8,9,5,7,9,8,9,9,8,7,9
3,9,10,6,8,10,7,10,10,9,9,10
4,10,11,5,9,11,9,11,11,1,10,11
7,11,12,3,10,12,9,12,12,10,5,12
7,12,13,7,11,13,4,13,13,8,11,13
6,13,14,1,4,14,7,14,14,5,12,14
8,13,15,5,11,15,6,15,15,1,10,15
2,14,16,8,12,16,6,16,16,5,13,16
1,15,17,1,13,17,2,17,17,1,14,17
9,15,18,7,14,18,6,18,18,6,15,18
9,16,19,1,15,19,2,19,19,11,16,19
4,17,20,4,16,20,1,12,20,1,17,20
3,18,21,9,17,21,8,20,21,8,18,21
8,19,22,10,18,22,5,21,22,3,19,22
9,20,23,2,19,23,6,22,23,2,20,23
6,5,24,4,20,24,10,23,24,2,21,24
10,21,25,11,21,25,3,24,25,4,22,25
11,22,26,11,22,26,5,25,26,6,23,26
6,19,27,11,23,27,2,26,27,10,24,27
3,23,28,4,19,28,6,27,28,1,25,28
4,24,29,6,24,29,5,28,29,10,26,29
4,25,30,8,25,30,10,29,30,2,27,10
9,14,31,9,26,31,8,5,31,10,28,30
1,26,32,2,15,32,4,30,32,5,29,31
5,27,33,7,27,33,5,31,33,11,18,32
1,28,34,8,28,34,9,19,34,5,15,33
6,6,35,1,29,35,5,32,35,2,30,34
4,29,36,11,30,36,4,33,36,5,14,35
11,25,37,1,31,37,11,13,37,5,31,36
4,30,38,11,32,38,11,30,38,9,32,37
11,31,39,9,33,39,10,25,39,6,19,38
10,32,40,6,34,40,4,34,40,6,33,39
8,33,41,8,35,41,6,35,41,5,34,40
1,34,42,1,36,33,6,36,42,7,35,41
2,35,43,6,29,42,3,6,43,2,26,42
9,36,44,10,25,43,3,1,44,10,36,43
7,1,45,1,2,44,8,2,45,8,37,44
2,14,46,11,24,45,7,37,46,8,24,45
3,28,47,1,37,46,2,38,47,2,19,46
7,15,48,6,4,47,10,4,48,7,12,47
5,34,49,5,38,48,4,39,49,7,11,48
9,37,50,10,39,49,5,40,50,5,38,49
6,38,51,1,27,50,6,41,51,7,39,50
7,39,52,1,40,51,4,38,52,8,4,51
5,32,53,2,7,18,9,42,53,1,26,52
11,28,54,4,41,52,5,22,54,4,40,53
7,40,55,6,31,53,4,16,55,5,18,54
8,41,56,2,41,43,6,28,56,10,41,55
6,19,57,6,42,54,11,43,57,9,42,56
8,42,58,10,43,55,9,44,58,3,43,57
9,43,59,6,44,56,10,45,59,4,44,58
8,12,60,1,45,57,3,3,60,9,45,59
10,44,61,3,42,58,7,46,61,10,46,60
1,15,62,11,46,59,7,47,62,9,5,61
7,28,63,7,47,60,5,48,63,6,47,62
1,22,30,7,18,52,7,49,64,11,48,63
11,45,64,2,48,61,9,50,65,5,15,33
7,30,65,6,40,62,2,40,66,2,49,64
11,46,66,1,26,63,1,51,67,10,47,65
9,47,67,2,40,64,8,14,31,1,50,66
2,16,68,3,40,65,1,33,68,11,50,67
9,48,69,9,16,66,9,14,69,2,51,68
2,8,70,2,16,67,1,52,70,1,6,59
4,49,71,2,18,68,1,53,71,1,44,69
10,50,72,8,49,69,9,9,72,5,52,70
2,51,73,8,48,70,10,43,73,6,25,71
1,2,74,4,44,71,6,7,7,9,53,72
1,15,62,10,2,72,8,15,74,2,54,73
6,19,57,7,44,73,5,5,75,5,55,74
2,44,75,4,50,74,1,54,76,9,8,75
1,52,76,4,42,75,8,55,77,1,29,76
10,53,43,6,51,76,6,41,78,4,56,77
6,54,77,4,52,77,4,33,79,1,23,78
3,55,78,10,53,78,2,56,80,4,24,79
7,56,79,10,54,79,9,57,81,8,1,80
2,57,80,6,55,80,6,23,82,3,57,81
9,58,81,3,36,81,11,8,83,5,47,82
4,59,82,10,48,82,3,16,84,2,58,83
11,60,83,4,44,71,6,58,85,6,59,84
9,8,84,4,56,53,11,6,86,10,60,85
10,31,85,5,57,83,8,59,87,2,61,51
9,31,86,3,31,84,2,22,88,10,1,86
5,61,87,4,58,85,3,47,89,1,62,87
5,38,88,10,5,86,8,60,90,10,28,30
2,62,89,6,59,51,11,28,91,7,36,88
4,63,90,2,25,87,7,34,92,9,63,89
11,64,91,11,48,88,11,61,93,10,36,43
7,65,92,7,14,18,2,62,94,2,60,90
9,66,25,5,60,89,1,8,95,3,11,91
7,67,93,9,54,90,11,43,96,2,64,92
3,68,80,9,61,91,1,33,97,5,19,93
9,64,94,2,62,92,5,63,98,5,65,94
7,61,95,3,63,93,7,64,99,4,18,95
4,69,96,6,64,94,1,5,100,11,66,96
5,70,97,10,45,95,2,63,101,9,67,97
3,71,98,11,65,96,1,64,96,1,45,98
3,72,99,5,35,97,8,28,102,8,2,99
3,73,100,7,66,98,8,9,103,1,68,100
6,31,101,7,27,33,7,4,104,1,69,101
2,11,102,10,58,99,8,65,105,5,47,82
9,60,103,2,67,100,8,53,106,9,70,102
2,74,104,2,68,101,8,9,41,3,71,60
5,14,105,9,5,102,5,66,107,7,72,103
3,75,106,8,16,103,5,58,108,6,72,104
4,24,107,9,69,104,3,10,109,4,73,105
8,76,108,4,70,105,1,67,110,7,74,106
5,57,109,4,71,106,9,68,111,10,75,107
2,77,110,6,33,107,4,11,112,4,26,108
3,2,111,3,72,108,4,47,113,9,76,109
10,50,112,9,73,109,6,22,23,8,27,110
3,48,113,4,39,110,9,40,114,5,8,111
7,70,114,9,41,111,1,69,115,9,77,73
8,34,115,8,74,112,8,30,116,1,45,98
6,1,107,6,28,113,4,70,117,6,33,39
8,15,116,2,37,114,11,53,118,5,58,106
5,78,117,8,6,115,8,71,119,7,78,112
4,8,118,6,75,116,10,8,120,9,8,75
9,36,119,9,12,117,6,72,52,11,76,113
11,24,120,9,43,118,1,18,121,6,8,114
3,78,121,2,76,119,4,48,98,6,74,115
7,18,122,8,16,120,6,60,45,7,62,116
11,15,123,10,77,121,9,21,122,5,19,93
3,79,124,11,66,72,6,73,7,2,37,117
5,16,125,8,70,89,5,28,29,1,71,118
6,2,126,11,78,122,8,17,123,4,79,27
6,28,115,1,79,55,5,9,124,5,80,119
2,80,127,2,80,123,10,74,125,2,14,120
5,81,128,5,38,48,9,59,126,1,81,121
7,15,129,9,6,124,9,53,127,9,2,122
2,44,130,6,28,113,8,75,128,7,82,123
4,53,131,9,75,125,7,61,129,2,51,68
10,82,132,11,81,126,3,55,130,3,53,124
10,36,133,1,62,2,11,70,131,2,58,83
8,23,134,5,24,127,2,76,42,10,54,125
1,30,135,8,20,128,4,77,71,8,57,126
3,3,136,1,65,129,6,78,132,8,83,127
2,83,137,4,14,130,9,79,133,4,10,128
9,32,138,3,6,131,5,66,41,8,10,15
9,58,139,5,63,132,3,80,134,10,2,129
8,8,140,7,56,133,1,81,135,8,25,130
1,75,141,9,82,91,8,82,136,9,84,131
9,52,142,5,22,134,11,68,137,2,85,132
5,84,143,6,83,135,10,32,138,4,20,133
8,4,86,3,24,136,2,83,139,9,14,134
7,71,60,10,84,137,3,15,140,3,28,135
7,14,47,5,80,97,9,24,141,1,41,136
5,57,144,5,85,108,2,74,24,5,32,137
5,14,145,8,18,138,1,63,142,10,86,55
11,42,120,1,86,139,5,27,143,10,78,34
11,85,146,8,35,41,8,62,144,8,70,138
7,86,3,4,68,140,4,45,145,9,45,59
1,1,147,6,83,135,1,84,146,10,28,30
10,50,148,3,7,141,6,45,37,11,37,139
5,70,149,2,16,142,10,62,147,10,72,140
9,59,150,3,10,12,7,85,148,1,42,45
3,3,151,10,29,143,10,37,149,5,81,141
9,37,152,5,6,144,10,86,150,4,24,79
1,73,153,8,30,69,9,50,151,3,69,142
9,25,154,7,87,145,9,49,152,2,67,73
2,87,155,1,88,70,10,38,35,4,25,143
9,88,156,9,60,146,4,87,153,3,57,81
3,45,157,4,10,147,2,15,152,5,87,144
9,89,158,10,80,148,6,74,154,3,11,91
3,65,159,4,17,149,7,64,155,11,69,145
7,35,136,8,4,150,1,88,156,7,80,146
6,90,160,2,89,151,10,89,157,10,33,147
8,54,161,8,90,152,11,90,158,5,77,138
5,23,162,6,37,153,3,12,159,8,22,48
7,41,163,3,91,154,3,91,160,7,28,148
10,55,164,7,76,155,7,37,46,3,88,149
9,76,165,6,34,40,5,35,161,10,57,143
8,14,166,7,92,156,5,36,162,1,89,150
8,91,167,7,69,157,8,42,163,4,90,151
9,84,168,5,93,158,3,92,164,5,14,35
11,69,169,1,94,159,4,11,112,4,43,152
10,58,170,6,25,160,4,19,63,4,53,153
1,30,164,6,49,161,7,80,165,7,91,91
3,91,171,3,46,162,6,76,166,2,92,154
2,53,172,6,36,163,4,93,167,1,93,155
7,49,53,9,25,164,1,23,168,9,21,50
1,60,173,6,26,165,1,60,169,7,27,156
10,45,103,8,95,121,10,52,135,5,77,157
11,92,174,2,14,166,7,27,170,1,88,158
3,93,175,1,96,167,1,36,171,6,93,146
5,44,176,4,97,168,6,94,172,6,94,159
5,94,177,7,1,169,5,53,173,5,95,160
3,26,178,5,89,8,4,22,125,8,29,161
1,65,179,9,63,170,11,95,174,9,12,162
2,25,180,2,69,171,6,50,175,11,9,163
10,95,181,11,66,72,3,53,108,6,25,71
10,60,182,7,6,172,8,4,176,10,73,164
7,44,183,3,98,173,1,75,177,10,43,165
1,61,92,2,92,174,5,78,178,8,83,127
6,86,184,9,43,118,1,57,179,9,72,166
11,78,185,1,29,175,9,96,108,3,96,167
1,96,76,10,99,176,8,97,180,5,97,168
10,97,186,11,98,177,11,40,181,8,27,110
11,63,187,1,79,55,2,85,182,9,98,169
9,9,188,4,88,178,2,7,183,6,77,37
7,11,189,9,57,179,4,98,184,4,15,170
9,35,190,3,38,100,6,61,185,9,64,171
10,98,191,1,100,180,9,8,186,1,35,172
10,49,94,7,15,181,10,99,187,7,86,173
2,4,192,11,24,45,10,26,188,4,11,174
8,67,193,8,101,182,8,54,189,2,69,175
9,96,194,10,65,183,4,52,190,4,77,176
5,18,195,8,49,69,1,59,191,11,74,177
3,60,196,4,5,85,4,9,192,8,3,178
8,99,197,7,16,184,6,15,193,8,7,9
1,61,198,2,82,185,9,63,194,2,99,179
10,32,199,6,72,186,6,22,23,2,89,51
10,30,200,10,80,148,6,69,195,2,86,180
6,68,201,7,79,187,3,57,196,1,68,100
9,45,202,3,56,188,3,95,197,9,100,165
11,94,3,10,102,189,11,53,198,9,69,181
2,60,203,7,103,159,7,35,199,5,55,182
2,67,204,5,5,190,2,32,200,1,22,183
11,94,205,2,48,61,3,40,201,5,76,171
10,26,206,6,91,107,2,34,202,10,14,184
4,72,42,9,92,56,9,34,146,9,101,185
10,24,207,10,104,191,4,34,40,4,83,186
7,81,88,4,2,192,1,38,203,8,85,187
4,100,208,2,16,142,10,53,204,4,64,188
6,30,209,7,60,193,2,100,205,5,25,189
4,97,210,8,91,194,6,32,206,11,51,190
2,100,8,6,27,195,8,101,207,8,102,191
4,28,211,9,31,196,2,63,208,3,83,192
11,80,212,6,88,197,3,102,209,10,24,27
8,101,213,7,55,53,11,103,210,10,91,193
2,31,214,2,97,198,7,17,211,9,44,194
4,4,83,5,95,199,8,37,212,11,42,195
8,19,60,2,35,119,9,11,80,8,28,160
8,101,215,10,66,200,11,79,213,6,37,196
11,100,216,4,9,201,7,63,214,1,73,197
5,53,217,5,5,190,5,11,215,11,70,198
8,4,218,11,45,202,10,53,216,5,103,155
5,98,219,6,105,66,7,104,217,3,80,59
4,83,203,4,40,203,10,50,218,11,56,199
5,36,185,7,104,204,2,90,219,6,104,200
9,44,220,3,80,205,10,34,220,6,67,201
1,87,196,5,37,107,8,105,221,1,105,132
4,102,221,10,40,206,7,33,28,2,71,83
1,40,222,11,52,207,6,58,85,10,106,23
2,101,223,3,90,208,10,44,222,4,6,202
4,37,224,10,19,202,3,106,223,4,107,203
5,62,225,2,94,209,7,57,224,8,51,204
4,73,226,5,91,210,1,92,225,10,8,205
9,103,227,6,106,211,1,106,142,10,53,206
1,83,228,10,107,212,1,7,108,3,92,207
11,104,229,6,57,213,7,44,226,1,34,208
6,105,230,6,53,174,7,11,227,4,108,60
9,106,231,6,79,181,5,93,228,4,22,25
1,95,232,2,31,214,5,35,229,10,39,209
10,56,64,4,7,215,5,39,230,3,26,111
11,21,233,11,16,216,5,105,231,5,105,210
6,107,111,7,53,217,6,13,232,4,77,176
4,56,234,7,18,52,10,97,135,5,7,211
8,7,22,7,36,139,10,83,233,9,11,212
11,26,235,4,80,218,9,106,200,4,53,153
5,98,236,8,14,219,5,21,22,11,17,213
2,89,55,6,108,220,8,42,234,9,53,72
11,44,237,11,84,221,3,13,235,7,95,214
9,66,238,9,14,222,1,103,236,8,98,215
2,8,218,11,5,223,11,92,117,9,81,216
2,2,239,2,44,224,4,31,237,6,109,217
3,91,240,6,84,225,9,38,238,9,79,218
5,19,111,2,83,226,1,107,118,11,56,219
4,53,241,6,56,227,11,108,239,11,27,220
3,93,242,10,44,228,11,89,240,6,109,217
11,105,47,6,25,160,7,103,241,9,57,68
10,67,243,8,54,106,9,5,242,11,63,60
4,108,244,9,35,143,7,29,243,1,2,221
7,56,8,6,109,229,9,89,8,10,110,222
10,99,25,1,63,230,6,102,244,8,3,178
7,105,245,9,21,231,8,105,221,4,111,223
4,86,246,8,110,232,10,104,245,7,31,224
10,94,225,6,58,233,11,95,246,11,52,225
10,53,247,4,81,228,10,65,247,11,16,19
7,109,248,6,22,234,10,3,248,4,66,226
7,34,249,6,111,235,7,65,249,7,58,227
1,110,250,1,106,236,3,16,250,8,2,99
7,111,251,5,86,114,8,48,251,2,11,228
11,73,252,6,76,208,8,75,128,4,54,229
4,21,253,9,112,237,11,18,252,10,49,230
3,32,185,5,108,177,4,86,253,10,59,216
7,80,254,7,59,182,1,7,95,1,110,53
11,13,255,6,68,94,10,100,254,5,86,56
11,46,256,9,22,106,7,83,214,6,104,200
2,103,257,10,87,238,4,102,255,5,7,211
4,82,204,10,105,239,1,109,47,9,30,231
2,112,45,1,65,129,5,101,256,2,75,232
1,9,258,4,60,240,9,106,22,3,77,233
7,92,259,5,26,53,4,89,257,2,59,234
6,24,260,9,24,241,7,93,228,11,100,235
2,41,261,10,15,242,11,15,258,4,99,236
5,105,262,3,14,163,2,6,259,10,11,237
10,63,263,11,68,140,8,42,260,11,27,110
3,21,264,2,110,243,9,42,261,3,106,238
9,35,50,11,107,244,5,69,262,11,57,239
8,43,197,3,113,245,3,61,263,10,40,240
4,45,265,9,26,31,6,14,264,8,26,241
8,59,194,5,60,89,10,11,265,1,26,52
4,56,266,9,114,246,3,60,266,8,57,126
8,112,267,11,59,247,3,2,176,4,112,27
1,66,268,6,40,62,6,96,267,8,11,160
2,113,269,2,7,18,3,105,66,8,113,242
6,85,53,10,43,55,11,78,268,8,84,243
4,72,270,4,13,248,2,81,205,3,17,244
2,87,271,1,111,56,2,101,269,9,30,231
5,22,104,3,75,249,5,56,270,11,25,245
9,68,272,3,8,250,9,34,271,11,102,246
6,2,273,3,114,251,7,95,132,5,11,164
6,85,274,4,111,252,4,5,272,4,30,97
9,28,275,5,49,85,2,75,273,5,20,247
1,114,276,1,64,253,10,49,274,5,15,33
3,53,277,9,8,28,2,66,275,8,105,248
2,21,156,3,115,254,3,21,276,7,44,123
8,110,166,8,80,145,6,13,232,3,108,249
9,44,278,5,16,255,6,9,277,2,114,250
8,15,279,5,105,256,7,88,278,6,31,251
2,98,42,4,5,85,5,49,279,5,56,252
6,35,118,11,66,72,6,56,280,7,64,253
3,14,280,10,10,257,2,24,46,11,42,195
1,80,281,8,8,258,10,61,281,3,84,254
3,56,282,5,82,153,6,62,114,8,47,255
7,94,283,6,31,53,4,58,282,8,65,206
2,70,284,8,104,259,4,34,40,4,115,256
5,7,285,6,34,23,3,70,283,5,1,1
6,106,286,8,85,260,6,88,133,6,73,9
6,43,287,11,37,182,1,37,284,4,22,25
4,88,288,5,16,255,6,19,285,3,86,257
3,7,289,11,51,141,5,79,162,10,54,258
4,86,290,4,94,261,3,52,286,7,105,259
6,2,183,1,47,262,8,97,180,6,66,211
3,57,291,8,57,263,4,28,287,2,10,157
4,4,292,10,59,54,4,17,288,11,40,255
2,99,16,2,90,124,11,108,190,1,100,147
5,46,205,11,78,122,5,81,108,10,30,255
8,24,293,2,102,264,5,37,125,1,89,150
10,39,294,2,33,100,9,10,289,3,36,260
2,111,295,9,6,124,8,49,290,6,12,261
9,110,296,5,50,265,3,9,291,9,54,172
1,24,275,8,45,266,1,19,39,6,8,114
4,69,297,11,111,267,11,95,174,10,7,262
8,35,27,8,111,152,5,78,43,2,51,68
3,54,298,7,53,268,3,6,292,9,80,263
2,10,299,9,12,117,8,8,293,2,45,264
1,29,300,3,97,201,1,55,294,1,80,45
6,95,301,9,116,269,1,59,191,6,5,265
2,85,123,5,21,270,8,50,295,10,112,266
9,35,302,2,1,271,2,90,296,10,37,177
4,33,31,4,100,272,1,27,75,5,23,267
11,68,251,10,76,117,4,41,297,5,116,197
5,99,303,2,80,123,8,110,298,11,47,268
11,64,304,3,68,273,7,87,97,10,18,269
2,42,137,4,98,274,9,73,299,3,62,107
6,29,224,5,105,256,5,75,300,2,14,120
8,109,173,10,5,86,3,19,120,1,54,270
5,84,245,11,110,275,9,5,301,10,110,222
8,44,305,5,94,112,10,42,302,6,78,157
11,57,306,6,34,40,7,18,303,3,26,111
9,83,307,2,87,276,10,31,238,8,39,61
7,46,230,7,95,277,6,96,80,6,47,62
1,17,308,3,37,278,4,31,62,6,53,178
6,100,309,7,28,279,6,94,304,9,35,271
3,71,310,4,81,228,11,88,305,11,71,272
11,96,311,10,91,280,10,108,306,4,5,273
3,74,312,9,17,21,11,41,50,10,76,274
3,104,313,3,53,281,7,103,307,4,107,203
6,115,314,1,57,43,7,21,308,9,54,275
7,2,315,4,14,130,8,50,309,5,42,255
5,41,316,3,105,282,9,1,123,8,111,216
5,95,317,6,58,233,2,60,199,7,7,112
1,9,258,2,107,192,7,33,310,7,17,276
8,35,318,11,64,283,3,37,311,8,32,277
3,105,319,4,52,284,5,52,141,7,78,112
9,5,320,2,49,60,3,12,312,8,44,278
11,48,321,7,113,285,9,27,313,4,20,133
8,31,322,4,12,286,11,26,20,4,55,279
2,5,323,4,20,24,7,102,314,6,85,280
3,3,324,3,89,287,10,26,95,1,83,109
1,113,191,4,117,288,7,11,227,7,40,105
8,110,111,7,65,289,7,22,58,1,82,281
8,29,325,7,13,256,7,4,25,1,64,282
1,30,326,9,90,290,10,111,76,2,41,283
6,7,28,7,27,33,4,5,315,11,32,213
8,4,32,3,73,291,4,50,316,10,24,284
7,54,43,7,41,292,7,58,317,7,110,285
6,36,28,4,51,293,1,85,318,9,117,286
1,63,327,5,72,294,10,18,319,3,39,287
3,19,164,3,89,287,10,23,320,1,2,221
8,85,328,8,48,70,9,12,321,11,48,63
6,90,124,7,106,295,11,38,322,2,20,23
2,18,329,6,41,296,10,83,233,4,54,288
10,50,330,8,12,16,6,94,84,7,54,264
5,52,331,9,101,147,5,55,299,7,89,289
5,78,10,6,93,297,11,10,93,2,7,290
9,97,15,2,91,298,3,51,323,5,80,119
7,61,254,5,15,299,6,107,188,4,52,250
7,93,332,7,89,300,5,25,324,1,62,87
4,35,333,4,69,301,6,1,325,11,64,291
2,6,221,4,63,302,2,80,326,6,51,58
1,28,334,6,19,303,2,44,327,3,65,292
7,34,65,2,72,304,1,88,133,6,77,37
5,75,285,7,86,262,5,104,4,10,73,164
2,51,335,8,9,305,1,9,328,1,41,136
9,20,303,11,39,171,6,110,329,8,9,125
6,106,336,4,106,306,4,111,330,11,60,293
11,86,337,5,85,108,8,27,268,3,80,59
9,53,338,3,92,135,8,42,331,3,82,280
3,104,339,9,6,124,5,82,332,8,86,294
9,62,340,1,48,307,3,46,333,11,32,213
11,28,341,10,34,6,5,36,334,1,99,295
7,69,157,10,87,238,4,11,335,1,21,296
8,22,342,10,74,308,11,5,336,8,9,125
11,76,5,5,105,256,4,94,337,5,5,297
6,57,343,3,92,135,11,14,338,8,50,204
3,53,344,9,111,309,5,46,339,7,79,298
10,58,345,7,81,113,6,19,340,1,98,299
7,24,187,4,103,70,7,6,166,11,56,199
8,7,306,5,13,150,5,57,84,4,82,300
1,115,346,10,70,310,7,14,341,11,113,301
7,28,347,6,83,135,10,38,216,8,72,284
11,74,348,11,20,311,6,67,342,5,113,302
6,92,115,8,4,115,11,48,343,10,106,23
2,45,349,7,64,312,2,93,344,8,86,303
11,48,350,10,85,51,5,4,345,2,45,264
2,21,324,10,23,313,9,31,346,1,58,304
8,112,351,6,52,225,11,4,347,2,13,264
10,3,227,5,90,314,7,106,142,5,108,305
8,66,352,7,70,315,4,84,348,11,50,67
1,108,53,1,77,278,4,20,349,2,81,291
10,12,353,6,14,316,10,76,350,1,99,295
3,22,354,1,58,317,10,1,351,2,115,306
11,2,355,8,106,318,9,70,352,6,73,9
3,56,282,11,116,154,9,64,353,5,56,307
11,57,273,9,12,117,7,3,354,8,81,171
7,116,356,11,13,156,11,112,355,1,97,308
5,24,357,10,115,319,1,60,356,3,51,309
10,35,358,11,105,15,1,87,357,1,101,310
6,61,184,10,63,320,9,75,335,11,94,300
8,112,267,8,62,321,8,5,358,6,44,93
5,39,359,11,76,210,6,57,260,6,27,311
10,84,360,11,99,175,9,34,359,2,29,312
10,2,361,8,55,322,11,36,322,7,91,91
8,50,353,6,38,323,7,60,135,8,116,259
3,38,266,4,84,324,7,51,145,5,78,313
8,17,60,2,28,288,2,87,101,5,93,314
6,14,205,3,111,94,6,14,88,6,104,200
3,54,362,2,39,121,1,20,360,2,2,2
9,12,363,6,27,195,1,82,361,1,91,315
10,19,364,2,37,114,1,36,362,9,108,316
9,26,365,1,29,175,10,113,190,1,12,113
6,46,366,8,21,325,10,75,363,4,77,176
9,7,367,8,2,179,8,49,364,5,62,48
6,12,368,7,54,326,5,66,270,10,16,317
4,25,369,2,103,327,6,106,365,9,63,89
10,101,370,6,82,328,6,83,366,2,88,318
7,24,199,3,111,50,10,19,251,11,92,43
8,53,371,3,92,135,6,43,367,2,96,113
10,99,363,2,89,151,5,3,2,3,107,319
2,111,357,2,107,192,2,102,86,2,6,320
10,36,372,10,17,117,5,105,231,3,3,3
2,31,111,3,3,7,10,83,368,2,112,321
6,95,373,6,29,42,7,99,92,11,77,322
7,106,374,8,109,329,1,82,95,4,111,223
9,81,32,1,18,330,2,5,304,1,39,323
5,2,375,8,42,331,7,21,190,2,38,324
4,51,53,11,42,165,5,106,369,5,3,325
4,96,376,3,109,304,6,87,370,1,95,326
2,98,377,7,15,181,9,11,371,10,11,237
5,83,378,11,73,332,2,55,339,5,61,327
4,87,379,1,20,333,10,65,247,6,87,328
5,1,380,5,9,11,4,39,372,9,64,171
7,35,217,5,50,265,8,102,272,2,111,329
1,20,381,10,12,334,11,32,34,4,45,330
7,20,382,7,32,335,1,8,373,4,28,331
8,105,183,9,50,336,10,32,138,10,67,332
1,56,383,7,32,335,3,34,374,4,33,333
8,4,153,2,118,337,11,86,375,2,42,334
5,91,359,7,114,338,7,30,376,7,44,123
4,41,384,7,24,271,1,81,135,7,97,50
9,112,385,11,101,339,7,89,283,1,115,335
2,14,46,5,8,340,1,85,318,1,46,60
9,71,371,8,92,341,1,75,177,6,49,336
6,2,386,6,91,107,10,85,17,10,103,337
11,110,54,9,72,117,3,101,377,1,3,170
1,88,387,4,94,261,10,71,378,5,108,305
11,44,30,5,97,186,9,27,379,9,91,338
3,71,388,4,86,342,11,82,380,11,28,339
11,66,7,4,53,343,9,8,381,6,56,340
7,45,150,3,116,344,1,66,382,3,85,341
11,113,53,4,18,345,3,96,383,3,108,249
7,109,389,11,80,346,1,62,125,4,34,342
1,113,390,4,43,347,5,24,384,8,107,343
11,48,233,6,79,181,6,1,385,6,25,71
5,81,362,5,14,85,8,98,386,10,65,344
10,110,391,3,84,348,11,50,387,11,24,329
9,77,392,3,81,349,10,87,388,9,65,345
10,113,393,3,42,58,7,114,389,3,10,346
7,24,394,10,100,311,3,107,390,6,116,347
11,69,395,2,49,60,7,63,391,9,47,348
6,17,396,5,101,350,2,115,392,7,55,349
8,12,397,10,90,117,5,62,86,3,65,292
9,25,19,2,112,351,3,43,393,5,70,18
9,117,398,4,109,352,4,29,394,8,111,216
7,42,54,1,93,353,5,98,395,7,69,350
8,29,399,2,23,354,1,87,396,5,70,18
6,62,400,4,87,259,4,25,397,5,77,157
8,14,401,11,48,88,4,22,35,4,18,95
6,81,146,3,109,304,2,55,398,9,98,169
9,41,402,6,67,355,9,100,399,6,93,146
9,50,403,4,58,85,6,47,400,7,53,351
8,24,293,7,68,356,5,29,401,1,24,352
4,9,404,1,4,14,1,84,402,8,10,15
11,31,220,10,55,357,5,56,403,6,57,319
9,49,26,8,25,30,3,72,404,6,26,353
4,116,264,6,80,358,6,88,133,8,53,83
6,100,96,6,69,216,5,104,405,10,50,354
4,25,405,3,68,273,8,21,406,5,20,247
3,37,216,2,75,359,6,11,407,3,109,355
10,86,406,9,63,170,4,3,408,5,30,356
6,67,407,2,76,360,1,37,380,11,70,258
2,57,375,4,100,272,11,62,323,8,23,76
1,6,408,7,103,159,5,30,201,10,73,164
3,34,70,8,37,56,10,11,409,10,24,27
6,4,409,4,40,203,10,82,410,1,69,101
8,1,410,3,25,215,8,6,65,8,28,160
8,63,411,4,33,361,1,83,169,2,89,51
11,51,412,9,112,237,3,48,411,7,91,91
4,79,413,10,84,137,1,113,412,3,89,357
7,63,370,1,12,362,11,23,98,5,49,358
8,107,414,1,53,363,6,115,355,2,87,9
6,51,46,3,25,215,3,104,413,1,98,299
10,7,415,3,101,364,8,49,290,11,85,359
7,100,416,4,14,130,9,4,414,5,68,360
1,91,284,7,12,365,10,44,222,6,11,361
4,110,306,2,17,366,7,55,11,11,86,362
9,11,417,5,97,186,6,93,415,3,8,363
2,4,418,1,104,240,11,106,416,11,2,364
5,47,419,10,1,367,6,23,82,7,4,365
2,66,420,6,77,368,3,100,220,7,11,48
7,34,33,3,54,197,3,69,417,4,15,170
5,63,421,11,34,369,5,116,418,6,61,246
10,91,422,3,52,77,10,72,419,5,54,121
3,74,423,1,114,219,9,49,152,11,76,113
6,79,424,3,52,77,3,3,60,8,68,125
3,96,425,11,24,45,10,43,359,5,45,366
10,45,426,8,47,178,4,9,420,5,11,164
1,117,427,9,27,370,8,39,421,1,70,367
10,38,428,1,52,314,2,105,88,4,77,176
4,41,133,3,98,173,9,11,80,11,36,368
6,36,429,4,13,248,10,56,190,10,48,369
6,45,218,8,102,371,8,56,60,10,78,34
5,16,132,4,30,372,10,76,79,9,33,370
10,109,2,9,107,83,10,23,422,7,66,161
9,73,430,7,87,145,1,13,423,8,82,371
6,48,431,7,61,373,4,85,318,5,43,372
3,67,432,2,73,374,7,112,371,6,16,166
3,48,78,10,107,212,7,15,424,8,28,160
5,12,338,6,44,56,4,64,425,8,23,76
6,88,113,3,114,251,7,97,382,9,71,373
3,8,433,5,35,97,4,67,101,10,43,165
4,34,434,2,36,375,7,1,426,7,77,374
9,2,435,8,35,41,1,73,427,3,98,375
10,2,436,2,75,359,4,57,253,6,21,376
7,56,437,1,37,46,5,18,15,7,28,148
6,79,163,5,58,376,1,61,350,5,55,74
9,18,438,11,60,377,10,7,163,2,109,24
9,98,164,3,38,100,1,30,428,11,107,377
6,89,439,1,6,378,2,86,429,6,42,378
5,6,440,7,96,379,10,48,207,8,83,127
9,52,441,2,52,18,9,73,299,3,74,379
10,21,442,5,80,97,4,87,153,1,57,139
10,48,443,10,94,380,1,38,430,1,112,20
11,103,444,3,100,381,8,3,73,5,108,305
4,18,363,6,99,382,2,87,40,1,95,326
10,73,313,3,35,383,11,19,431,6,16,166
8,27,445,8,32,384,5,77,432,11,60,380
10,28,98,10,68,385,1,61,433,1,105,44
3,66,81,6,90,91,8,8,259,6,61,246
7,35,446,1,67,386,8,26,284,6,88,255
11,90,356,1,70,387,8,111,434,1,81,121
7,100,416,8,46,388,4,115,435,6,100,381
5,60,447,6,65,389,8,19,436,11,93,382
1,90,234,9,64,56,1,112,92,6,59,84
2,12,277,11,48,88,8,75,437,10,100,383
10,40,224,6,58,233,9,77,222,9,30,231
9,108,432,8,103,390,4,23,438,2,110,222
5,37,448,1,107,293,4,64,425,10,70,351
5,6,449,6,31,53,10,23,439,1,62,87
4,109,450,10,5,86,7,14,135,10,46,125
11,103,444,7,24,271,6,12,440,4,77,176
7,59,451,4,74,224,5,80,398,11,31,43
6,2,183,7,3,391,8,55,77,3,99,384
9,14,237,4,24,392,7,73,441,2,28,385
8,5,452,10,4,393,2,71,442,4,11,174
7,17,453,4,37,394,3,66,443,5,117,347
1,37,254,2,86,395,4,93,444,7,50,386
6,4,454,10,76,117,4,77,71,8,30,52
10,11,371,3,61,396,6,107,445,2,88,318
5,77,6,9,23,296,1,65,446,4,53,153
1,48,455,5,88,276,6,92,82,11,83,387
7,118,413,7,16,397,1,78,447,7,11,48
6,47,456,1,40,51,6,16,448,11,54,388
4,115,34,3,82,78,4,76,449,8,50,389
9,76,23,2,24,290,1,33,164,8,42,390
10,110,457,5,32,398,9,61,450,7,52,99
11,78,81,4,101,399,7,38,451,11,107,377
7,47,458,5,100,253,4,33,36,8,115,139
11,75,459,7,79,187,9,58,452,3,72,391
3,2,111,8,102,371,7,93,453,7,116,392
7,31,428,3,48,400,3,63,136,6,10,393
11,85,460,1,16,401,5,90,454,5,92,335
9,114,54,11,14,218,5,18,455,6,34,366
11,80,461,11,20,311,6,14,456,9,70,102
4,44,94,8,2,179,5,95,424,8,56,394
8,7,462,6,94,402,4,103,457,10,20,375
5,54,360,9,23,296,9,3,458,2,73,170
4,34,170,5,59,53,1,90,459,9,111,395
4,116,24,6,111,235,7,55,321,9,47,348
10,38,463,3,10,12,11,68,460,5,1,396
2,52,36,9,30,403,8,30,116,10,61,397
8,26,447,5,68,143,8,11,461,3,44,98
8,82,464,3,15,404,3,50,377,6,111,398
4,26,31,6,94,402,6,79,462,2,113,36
11,100,286,2,38,250,7,82,463,5,105,210
3,111,465,11,63,405,6,47,464,2,110,399
11,81,47,4,21,240,7,46,465,8,87,38
5,56,395,6,78,406,6,54,127,8,9,125
1,34,466,9,117,333,5,87,466,1,76,400
3,23,467,6,6,407,10,77,307,6,7,7
9,12,186,9,44,408,2,105,467,5,1,396
1,74,468,3,11,274,8,9,103,3,105,401
9,105,469,2,81,409,3,24,468,6,54,402
9,14,470,9,32,410,5,84,469,11,85,359
5,50,471,10,114,411,10,34,470,8,57,126
4,59,472,10,113,412,8,19,471,7,2,211
8,100,105,10,114,411,10,89,157,5,92,335
10,6,25,5,109,413,4,29,472,6,54,403
2,115,473,8,85,260,5,50,63,10,74,166
2,97,474,3,104,229,3,74,473,4,47,404
5,40,475,1,4,14,8,113,474,2,103,405
11,34,476,3,72,108,3,24,25,9,9,10
7,65,477,10,17,117,11,8,471,5,9,406
11,30,111,5,15,299,2,101,269,8,27,110
2,114,478,8,24,414,5,93,228,5,63,407
11,71,353,6,6,407,5,59,156,9,112,35
6,12,479,2,14,166,2,53,475,11,25,245
9,33,138,9,91,305,10,65,247,5,5,297
10,38,352,7,12,365,5,115,476,7,49,408
5,72,480,2,25,87,1,19,39,9,93,409
2,119,481,11,72,415,10,34,220,8,41,410
11,60,482,2,77,65,7,81,321,9,114,411
4,24,483,11,75,416,9,70,352,6,20,390
11,23,170,8,31,417,3,91,477,3,28,135
7,74,384,5,55,418,9,42,261,4,67,412
7,111,306,2,68,101,10,2,478,7,3,413
4,7,456,8,68,419,6,48,479,1,110,53
5,84,484,8,7,156,11,26,480,1,30,414
11,50,485,6,110,109,9,41,129,4,77,176
5,64,86,4,31,420,4,43,481,2,80,415
8,2,312,6,65,389,2,112,122,7,41,416
6,17,22,11,115,421,3,21,276,7,53,351
9,36,203,3,54,197,10,115,482,7,43,417
8,72,486,7,116,422,8,35,483,9,102,418
3,52,221,5,18,423,9,88,484,4,39,419
11,76,487,10,97,356,4,113,485,3,13,420
9,84,488,2,113,351,3,14,401,7,99,147
1,82,489,1,103,424,5,56,486,5,45,366
11,74,312,10,25,43,4,64,487,8,37,44
7,25,389,11,3,425,10,22,488,3,109,355
2,20,246,5,15,299,3,31,349,6,8,114
6,100,53,8,2,179,4,85,489,10,64,421
6,37,490,9,114,246,1,44,490,11,37,139
1,73,491,10,33,384,11,55,446,9,55,422
5,68,277,6,42,54,3,51,491,9,26,423
2,36,492,8,15,426,9,7,492,3,68,424
3,74,493,3,88,427,5,68,66,1,111,364
1,49,494,8,75,428,9,114,403,6,11,361
6,10,111,6,72,186,6,67,108,10,100,383
8,84,467,9,117,333,3,50,377,8,56,425
2,90,392,8,54,106,9,1,55,1,5,5
9,63,304,1,108,429,7,1,493,8,51,204
7,27,495,5,36,430,11,10,494,7,70,426
9,49,496,10,83,71,10,3,248,8,87,38
3,33,69,9,83,390,7,16,495,2,118,427
8,54,250,3,49,58,7,75,461,7,76,428
4,116,497,10,111,130,8,59,496,10,41,55
8,9,114,1,113,426,2,29,271,10,96,333
10,109,208,8,30,69,7,74,193,5,113,302
7,39,339,9,109,284,6,61,299,5,99,429
11,65,189,2,62,92,9,101,490,3,7,430
3,26,81,9,34,385,11,73,497,7,19,350
5,80,218,9,65,431,2,78,385,11,54,288
6,101,238,5,102,2,3,116,56,7,94,431
4,97,125,7,42,432,1,45,498,10,52,392
6,77,498,6,38,323,9,80,411,4,12,432
3,66,147,8,104,259,5,17,45,3,17,244
5,34,38,11,64,283,2,5,499,9,33,370
5,119,499,9,83,390,1,106,500,6,107,433
10,62,500,1,105,433,7,18,501,9,73,434
1,28,501,10,83,71,11,106,502,7,91,91
6,50,502,9,8,28,6,11,362,8,88,139
10,8,236,6,26,165,10,37,503,6,71,435
3,70,503,10,31,434,4,69,504,1,9,436
9,13,243,10,86,78,2,77,505,9,67,97
2,18,504,9,50,336,7,63,214,4,86,437
1,25,505,3,118,126,4,79,349,2,83,438
10,9,506,5,114,158,4,19,506,2,102,439
10,113,507,3,52,77,9,112,507,2,58,83
8,56,373,5,91,210,10,41,508,11,33,440
10,21,508,3,54,197,5,7,509,10,29,186
4,59,60,10,103,435,10,23,422,7,113,441
1,88,393,4,40,203,1,52,510,11,6,442
5,18,509,10,63,320,5,50,511,1,36,443
5,53,217,11,93,436,11,89,222,1,15,212
1,53,510,4,24,392,11,87,207,11,48,63
8,28,511,9,34,437,4,4,4,8,30,52
8,35,203,8,77,438,11,56,429,10,50,354
7,31,428,6,43,439,9,3,512,6,106,444
2,37,139,9,56,440,9,17,170,11,71,272
5,70,512,10,108,115,3,14,44,8,103,317
11,70,409,2,46,441,5,29,155,5,18,272
11,117,513,7,49,129,6,111,513,4,26,108
2,68,214,3,42,58,1,81,460,8,110,28
6,87,514,8,34,442,4,8,514,1,52,445
11,74,312,2,86,395,4,34,280,8,9,125
10,63,515,11,71,219,10,78,515,11,16,19
4,16,516,11,66,72,5,48,327,9,33,370
3,107,470,4,64,443,11,97,385,5,88,22
7,5,468,6,87,444,3,35,362,8,18,21
4,32,517,7,24,271,11,46,516,1,4,446
9,109,414,9,108,132,2,21,101,2,14,120
10,34,518,11,41,18,9,78,471,8,27,110
3,64,519,8,54,106,6,52,508,8,88,139
2,42,308,7,64,312,11,15,517,1,26,52
5,115,520,3,68,273,11,55,325,4,5,273
4,8,417,2,67,100,3,12,518,2,37,117
3,26,354,8,97,445,9,42,519,11,113,301
6,118,521,2,21,35,10,113,520,6,87,328
5,82,184,11,108,446,11,11,190,10,2,348
8,102,3,6,34,447,6,108,521,5,26,447
1,78,522,1,113,426,3,47,334,2,24,107
8,41,523,10,79,448,9,89,8,10,75,107
1,78,267,5,108,177,2,45,522,4,15,170
10,36,524,5,86,114,7,31,523,11,67,448
6,103,525,2,12,66,1,41,524,7,59,171
3,13,263,7,40,449,3,59,16,9,105,341
9,74,272,8,65,445,10,28,211,8,111,216
8,50,526,4,73,232,5,29,525,5,80,119
5,35,259,8,68,419,10,9,526,3,75,10
10,22,489,10,47,450,4,87,527,11,108,449
7,105,527,8,53,451,5,2,528,5,81,141
11,102,72,8,47,178,1,45,498,10,93,450
6,23,528,2,50,452,4,88,529,6,89,451
2,19,529,3,111,94,3,17,530,3,70,64
2,11,530,5,107,230,6,54,531,5,12,14
8,33,94,10,43,55,1,59,532,6,7,7
2,56,475,10,61,453,8,50,309,11,76,113
5,103,285,4,116,36,8,108,533,1,29,76
11,2,531,5,100,454,1,9,328,4,60,380
10,75,112,10,13,455,8,75,128,2,62,246
8,48,532,3,7,141,10,62,534,1,95,326
2,52,533,6,86,456,6,75,535,6,72,104
9,66,296,1,67,386,9,6,536,2,30,34
6,100,1,6,34,447,7,68,537,7,103,452
3,11,534,9,79,457,7,55,428,2,20,23
6,44,347,8,76,458,9,96,108,10,11,237
7,94,213,2,33,100,5,8,538,5,99,429
3,37,50,4,36,459,1,59,191,10,68,453
11,44,535,5,78,460,8,79,539,6,2,454
6,23,536,8,65,445,5,50,540,5,22,455
8,22,537,2,29,461,4,37,76,9,34,71
5,13,111,6,105,66,7,81,321,7,56,456
1,17,2,7,35,383,8,24,422,6,112,448
9,73,538,8,93,462,5,106,202,8,92,294
6,17,480,2,6,463,4,22,101,9,92,263
6,73,539,1,16,464,3,37,435,2,42,334
10,54,218,8,17,465,7,21,541,6,18,457
7,86,540,3,100,381,4,92,542,7,97,50
9,69,541,4,104,466,11,97,475,11,94,458
3,15,542,10,62,467,1,53,543,5,52,70
4,100,475,3,103,468,9,23,282,7,27,156
11,76,483,11,80,346,5,10,84,5,58,106
2,40,543,9,101,147,3,48,408,7,28,148
5,61,321,9,87,469,9,33,544,1,69,101
1,15,83,7,60,193,3,25,16,4,105,459
11,98,306,7,112,455,8,32,545,3,90,460
11,35,544,11,81,126,8,33,546,8,110,303
10,44,10,3,41,68,5,103,244,1,116,157
1,91,545,3,13,470,3,111,449,5,56,252
5,22,501,4,111,252,9,49,547,2,29,312
2,98,546,10,118,53,5,65,548,10,11,237
6,94,547,2,77,65,3,77,549,7,94,431
6,96,199,6,20,272,9,12,287,4,62,461
3,82,102,8,77,438,10,22,550,6,26,353
7,87,368,9,65,96,9,81,269,8,4,51
3,68,44,3,76,409,11,90,551,3,87,462
5,85,548,8,40,471,4,20,144,10,82,463
10,11,497,5,110,472,3,34,519,9,77,73
6,95,44,3,115,254,4,7,552,11,10,464
9,84,549,1,70,387,2,40,66,7,20,465
2,92,550,1,35,473,10,90,538,6,18,457
9,111,104,10,70,310,5,7,509,2,2,2
8,77,357,5,29,97,9,75,506,8,62,466
9,5,198,2,78,185,11,50,553,1,97,308
10,65,551,1,4,14,1,78,528,10,50,354
3,100,399,6,4,47,6,65,370,2,116,118
10,44,22,10,99,176,8,5,79,10,8,205
11,72,552,5,42,241,6,6,554,9,97,467
8,85,43,3,2,20,7,56,555,6,68,26
1,47,553,3,32,308,10,47,209,2,56,468
9,73,554,9,67,462,1,44,556,2,15,469
9,2,555,9,83,390,1,49,557,2,38,324
9,95,556,2,14,166,8,103,307,8,85,187
4,8,54,8,91,194,2,83,139,1,2,221
10,29,557,2,92,174,2,85,52,1,43,470
2,51,335,9,67,462,11,44,558,9,94,404
3,100,388,1,85,474,4,81,291,6,3,471
4,18,558,4,81,228,2,97,42,6,90,472
10,119,522,1,80,452,7,102,559,5,59,473
3,96,559,7,2,177,9,36,560,10,53,206
9,7,560,2,6,463,7,91,561,4,79,474
9,101,561,6,82,328,3,48,469,7,70,426
2,13,562,9,64,56,6,33,562,10,98,475
6,75,563,11,18,475,10,106,563,3,90,460
10,88,30,2,16,142,9,91,564,2,41,283
9,33,564,7,94,476,5,113,101,11,3,264
4,96,222,1,16,401,2,110,565,11,66,96
1,86,235,6,26,165,9,75,108,10,3,476
1,66,565,2,37,114,2,43,566,1,15,212
5,7,41,1,11,477,3,22,567,2,19,46
3,14,280,4,109,352,6,27,568,4,19,477
7,102,566,5,13,150,6,73,1,7,32,37
7,75,567,9,30,403,8,64,569,3,25,438
4,53,53,9,16,86,2,57,336,1,112,20
3,63,568,9,106,377,11,87,127,10,65,344
6,101,569,4,2,192,9,10,551,5,28,478
3,14,53,10,22,449,1,99,78,1,49,59
10,4,204,4,41,52,10,23,570,9,113,43
8,17,570,10,69,18,9,7,492,5,38,49
2,69,199,3,47,154,11,102,571,10,68,453
6,117,571,6,46,478,6,87,370,3,85,341
10,6,572,7,100,41,4,57,253,1,14,17
9,100,573,8,8,258,7,31,572,2,17,479
2,91,574,5,101,350,7,14,135,1,12,113
1,117,79,10,104,191,3,7,573,2,16,404
1,65,44,10,52,479,7,114,256,9,117,286
3,56,575,11,37,182,9,84,574,2,4,4
5,59,360,6,35,480,8,73,575,11,23,58
9,20,576,10,49,481,4,5,315,6,6,480
10,56,65,9,90,290,3,95,576,6,91,150
6,74,577,4,27,482,10,23,422,9,80,263
6,109,578,5,64,345,3,8,321,2,10,157
10,82,579,5,72,294,1,12,20,2,1,22
3,59,580,11,37,182,6,5,468,3,67,230
9,35,124,9,58,483,4,4,4,9,13,264
5,118,394,3,8,250,3,2,208,3,78,442
8,30,46,4,74,224,4,40,577,2,55,290
1,8,581,7,70,315,5,50,429,11,71,272
6,44,215,7,39,393,5,61,346,7,92,167
3,76,274,2,48,61,2,7,578,10,90,481
5,60,582,10,56,182,8,23,579,6,33,39
2,94,247,6,90,91,6,58,85,4,54,229
3,75,583,9,108,132,2,4,580,9,39,482
1,8,584,7,94,476,9,96,348,7,56,312
2,29,527,3,103,468,1,80,581,2,35,483
10,22,585,8,78,95,1,15,443,7,89,289
11,102,136,11,20,311,8,37,212,3,92,207
7,5,111,5,80,97,6,26,445,8,87,38
1,80,586,7,38,484,7,17,211,1,99,295
6,64,587,11,73,332,2,80,525,5,62,48
1,65,588,1,54,139,9,37,582,2,47,433
1,5,589,10,78,485,10,24,88,1,100,484
7,86,590,4,107,486,3,108,583,9,104,485
2,85,111,9,37,487,7,110,584,7,99,421
11,60,591,5,3,488,10,81,585,11,8,53
11,31,34,6,103,72,7,30,376,9,26,423
3,3,86,8,3,305,8,36,586,6,101,486
7,6,47,8,25,151,10,112,299,4,109,315
9,88,441,7,60,193,8,22,587,6,72,104
3,107,592,11,102,483,1,54,271,2,58,83
9,8,593,4,62,489,1,107,588,6,33,39
10,10,594,9,86,257,5,19,265,2,25,487
5,80,228,4,50,74,3,58,589,7,98,483
4,2,595,5,43,62,10,107,590,1,112,20
7,42,596,7,18,52,4,71,104,11,49,112
11,51,597,6,65,389,7,48,591,10,85,187
3,44,410,8,57,263,3,95,216,9,70,102
1,90,598,1,101,490,3,95,592,7,40,105
2,114,378,11,36,147,6,41,51,8,25,130
6,24,260,8,4,115,7,96,593,9,29,488
2,54,599,6,97,445,2,24,568,2,42,334
5,5,600,8,75,428,7,24,594,4,51,5
4,80,269,4,114,491,8,40,106,8,72,284
7,96,601,6,100,119,1,64,277,4,54,229
3,36,336,5,35,97,5,50,63,5,107,489
11,24,602,8,52,492,3,9,291,3,118,490
2,11,416,10,94,380,3,87,168,5,4,491
11,5,603,8,18,138,8,108,595,4,86,437
2,78,379,10,46,493,5,87,466,8,47,255
7,102,190,3,22,494,8,41,14,8,98,215
8,8,367,8,37,56,11,56,429,3,73,492
8,40,604,4,99,495,5,66,586,2,74,493
7,111,605,4,84,324,2,71,442,2,83,438
2,15,287,6,65,389,5,50,596,3,118,490
6,35,287,6,13,218,10,95,597,1,12,113
9,79,87,11,57,166,10,1,598,4,14,384
11,102,358,10,53,78,4,36,599,4,11,174
4,74,254,7,87,145,4,80,356,8,32,277
11,102,606,7,73,183,3,14,161,11,23,58
4,103,395,2,42,344,6,2,600,11,2,364
4,76,607,9,63,170,1,34,601,11,56,199
10,60,116,8,56,12,8,27,555,5,34,40
4,67,458,4,104,466,4,20,349,9,84,131
3,55,608,5,5,190,10,60,88,11,102,246
11,96,560,6,75,116,10,39,602,5,47,82
3,16,338,9,76,496,1,43,114,4,12,432
4,105,306,2,25,87,11,21,181,2,95,494
10,52,379,3,16,497,7,92,181,3,55,495
9,31,464,4,44,71,7,5,603,9,75,173
3,35,609,6,108,220,1,19,604,5,89,478
10,116,94,11,12,498,1,79,496,4,56,496
8,100,438,9,90,290,10,23,422,3,39,287
6,48,610,8,74,112,1,80,108,4,102,497
5,102,611,5,4,499,10,77,9,7,47,70
9,19,612,2,15,32,3,48,408,3,43,57
3,35,495,1,71,398,10,66,605,5,16,498
9,74,85,11,17,463,9,15,606,8,56,394
11,39,613,2,112,351,9,8,186,11,31,43
6,107,252,11,91,500,1,97,16,5,56,211
10,38,140,9,2,183,4,107,245,3,56,307
4,58,117,3,16,501,1,68,607,5,14,35
9,21,456,5,117,502,5,87,475,7,64,253
6,64,614,6,41,296,7,78,19,11,20,499
9,101,394,4,31,420,9,83,608,11,71,272
6,12,615,4,13,248,3,105,84,11,75,500
2,82,616,6,23,155,6,85,134,4,97,501
4,22,593,5,44,15,10,9,319,8,40,502
9,70,617,10,33,384,10,19,82,3,106,238
10,108,269,11,29,503,10,66,605,5,18,272
4,4,618,4,22,432,3,59,609,9,7,503
8,49,575,1,93,353,11,82,380,7,55,349
11,36,619,6,72,186,2,64,283,4,55,279
11,89,413,8,41,504,3,25,16,8,33,231
1,93,431,8,94,56,7,22,58,10,54,258
3,83,230,11,61,85,6,82,435,6,34,366
2,77,54,1,98,325,8,50,159,6,47,62
6,39,165,8,44,416,9,13,116,3,11,91
10,94,206,2,49,60,1,32,398,11,116,497
2,61,307,11,75,416,10,107,590,1,8,504
1,108,493,10,26,505,6,83,525,11,93,382
11,109,351,2,69,171,5,50,63,10,94,505
8,69,533,3,106,506,2,91,408,1,28,506
3,17,470,9,69,104,10,87,610,10,40,240
8,110,620,4,38,507,4,10,369,7,115,507
4,87,184,1,16,401,2,106,611,7,73,299
9,81,223,11,118,53,2,9,403,7,57,139
6,1,260,4,84,324,7,9,319,7,64,253
11,79,621,1,59,495,8,50,612,3,115,508
4,82,622,3,68,273,9,92,613,11,104,327
9,60,623,9,35,143,8,47,433,7,12,47
8,2,608,6,32,16,8,73,575,4,16,509
4,90,390,10,38,475,10,6,33,6,108,510
3,17,562,3,47,154,10,78,288,2,1,22
9,66,573,1,113,426,8,51,73,5,82,167
4,85,624,6,46,478,4,111,614,6,98,511
11,15,84,6,42,54,11,76,615,3,111,512
8,85,625,8,19,508,2,23,616,6,41,513
3,19,77,7,93,509,10,4,617,8,94,300
5,115,626,5,28,283,9,106,312,4,92,125
6,63,107,3,42,58,7,92,181,11,104,327
9,114,284,10,28,510,1,92,1,3,104,514
10,26,191,1,62,69,9,12,12,11,94,458
10,55,168,3,86,47,11,16,103,1,73,197
5,44,111,10,41,369,7,11,35,3,15,515
1,2,581,7,81,113,3,33,476,4,50,380
1,58,627,11,109,329,9,42,261,6,4,516
6,100,38,7,87,145,3,23,618,4,32,319
1,47,540,11,8,511,5,26,513,11,29,401
10,11,628,6,64,94,2,70,84,10,31,344
6,37,513,6,65,389,3,105,619,2,66,517
11,104,629,4,61,414,6,63,208,5,16,498
11,89,429,5,4,499,9,52,179,11,5,437
10,91,451,5,70,90,11,50,132,8,118,518
6,23,630,11,71,219,9,87,558,2,27,10
4,28,631,5,118,512,3,72,237,9,108,316
8,68,632,10,113,412,1,64,101,9,14,134
3,86,267,10,84,137,11,53,198,9,51,519
7,57,633,8,29,513,7,109,583,10,48,369
8,91,634,11,23,27,8,98,386,6,91,337
