1,1,1,1,1,1,1,1,1,1,1
2,2,2,2,1,2,2,2,2,2,2
3,3,2,3,2,3,3,3,3,3,3
2,3,1,4,3,4,4,4,4,4,4
4,2,2,5,2,5,5,5,5,5,5
5,4,1,6,4,6,6,6,6,6,6
1,3,3,7,4,7,7,7,7,7,7
2,1,4,8,2,8,8,8,8,8,8
5,2,4,9,5,9,9,9,9,9,3
4,5,4,10,2,10,10,10,10,10,9
4,1,5,11,2,11,11,11,11,11,10
3,5,3,12,1,12,12,12,12,12,11
2,1,5,13,4,13,13,13,13,13,12
1,4,1,14,2,10,10,13,13,14,13
3,3,1,15,4,9,14,14,14,9,14
3,2,3,16,2,14,15,15,15,15,15
4,6,5,17,3,15,16,16,16,16,16
2,4,5,18,2,16,17,17,17,17,17
4,3,5,19,4,17,18,16,16,18,18
4,1,5,20,2,1,19,18,18,19,19
3,5,2,21,3,18,20,19,19,20,20
4,3,5,19,2,19,21,20,20,21,10
1,1,3,22,2,20,22,21,21,22,21
4,4,1,23,1,21,23,22,22,23,9
5,1,2,8,5,10,24,23,23,24,22
2,1,2,24,1,22,25,24,23,9,14
5,5,3,7,2,4,26,25,24,25,23
5,2,5,25,3,10,27,26,14,1,1
1,4,3,26,1,11,28,27,12,26,19
2,5,1,27,1,1,1,28,25,27,24
1,6,2,28,5,16,3,29,26,11,10
2,1,2,24,2,7,29,30,27,17,17
4,6,3,29,1,20,30,8,8,28,25
5,4,3,30,1,23,1,31,28,29,26
4,1,4,31,1,24,31,14,14,30,3
2,5,3,32,1,13,32,13,13,12,11
2,4,2,33,5,10,24,32,29,31,27
1,3,2,34,1,10,2,32,29,6,6
1,2,2,35,5,22,14,9,9,32,28
2,4,5,18,1,21,23,33,4,33,29
4,1,4,36,3,23,33,34,30,34,23
4,3,1,12,5,10,34,23,23,35,30
1,6,2,28,1,20,33,35,31,36,10
2,5,2,37,2,25,35,36,22,37,31
2,1,3,1,1,16,36,37,32,38,6
3,1,4,38,2,5,5,38,7,39,32
5,2,2,1,2,5,5,39,33,40,33
5,6,1,39,4,13,37,40,12,41,34
4,5,2,40,3,15,38,21,21,15,15
5,1,3,33,3,26,39,14,14,42,35
4,6,5,41,4,17,18,41,34,43,32
5,3,4,28,5,25,40,1,1,44,34
4,5,5,42,5,8,41,42,5,35,30
3,3,2,43,3,6,42,43,7,28,25
5,3,4,28,3,11,43,44,35,45,36
1,2,4,44,5,16,44,45,18,22,21
1,4,2,20,4,27,45,37,32,46,25
4,5,1,45,3,15,46,26,14,31,27
3,2,2,46,3,8,47,46,7,47,37
2,1,5,30,1,19,15,47,36,48,38
4,3,5,19,1,19,48,6,6,49,22
5,1,2,8,4,18,49,45,18,50,39
4,4,1,23,3,21,50,48,37,51,15
1,6,5,47,1,28,51,49,38,52,40
3,2,2,46,5,19,52,20,20,12,11
4,3,3,48,4,18,15,33,4,53,41
2,3,1,4,1,14,46,33,4,39,32
3,5,5,9,5,3,46,50,36,54,42
1,1,2,3,1,25,51,35,31,43,32
1,2,4,49,1,23,1,51,22,34,23
1,6,4,50,5,3,46,52,33,55,34
4,2,2,11,1,27,53,42,5,56,33
4,4,3,51,4,2,29,53,22,6,6
3,6,2,52,2,3,54,54,39,54,42
5,5,4,53,5,11,13,55,40,54,42
2,6,5,54,2,9,30,39,33,38,6
2,6,3,55,1,28,51,56,7,10,9
1,6,3,56,4,21,44,57,32,51,15
2,1,4,8,5,2,55,49,38,3,3
2,1,1,57,3,1,21,11,11,57,41
2,4,2,33,3,11,56,58,41,58,2
1,5,2,44,4,17,14,59,8,59,43
4,2,3,58,1,28,51,60,12,31,27
5,6,4,59,5,17,38,33,4,37,31
4,1,2,60,2,12,57,61,36,60,44
3,4,3,61,5,8,8,62,42,29,26
5,6,3,62,5,25,58,58,41,61,14
3,3,3,63,4,11,59,8,8,5,27
4,2,2,11,5,1,60,56,7,62,16
2,1,1,57,2,17,61,61,36,22,21
4,2,1,64,3,13,62,63,43,9,14
2,6,2,29,2,7,29,56,7,7,7
2,2,1,65,5,28,63,64,22,54,42
1,1,1,66,2,10,10,44,35,63,45
4,6,1,55,5,20,64,25,24,21,10
2,1,4,30,1,14,65,23,23,40,33
2,3,2,67,3,28,19,64,22,7,7
4,6,1,68,4,28,66,65,17,64,24
4,2,2,11,3,27,67,50,36,65,46
4,1,4,31,4,8,68,66,44,31,27
3,4,1,69,5,12,69,67,40,49,22
5,3,4,66,2,9,70,63,43,60,44
1,1,2,70,5,28,70,68,35,23,9
3,6,1,71,4,6,57,60,45,6,6
4,5,1,72,2,4,71,57,32,49,22
5,5,3,7,4,18,67,69,46,66,34
3,1,5,73,5,22,52,70,21,40,33
2,6,5,74,3,5,53,42,5,67,33
5,1,1,28,4,14,11,25,24,27,24
1,6,4,16,2,9,30,42,5,29,26
4,3,4,35,5,29,72,71,47,66,34
4,1,1,49,4,3,73,72,41,52,40
3,3,1,8,1,26,74,31,28,39,32
4,4,5,8,3,17,70,25,24,34,23
4,4,4,75,3,1,75,73,3,68,47
5,5,3,7,4,10,76,44,35,69,48
5,1,2,76,3,8,36,29,26,62,16
2,5,3,43,2,27,77,4,4,70,49
2,2,3,77,4,1,50,73,3,9,3
5,4,5,78,2,20,78,74,28,26,19
2,4,2,33,4,1,50,63,43,71,50
4,3,3,50,4,29,79,8,8,22,21
1,6,1,4,2,13,80,75,29,13,12
2,3,3,3,1,6,81,54,39,67,33
3,1,5,79,1,21,23,15,15,72,37
5,3,3,80,3,12,82,16,16,37,31
2,5,5,81,2,30,76,11,11,36,51
4,4,5,82,1,27,53,66,44,6,6
4,5,3,83,2,14,36,46,7,17,17
1,1,3,47,2,16,55,76,48,73,52
5,2,4,51,3,16,83,77,49,71,50
5,5,1,36,2,10,10,47,39,74,45
4,6,5,17,1,17,84,51,22,24,22
4,2,2,11,3,23,85,62,42,22,21
5,6,3,29,3,22,86,14,14,3,3
5,5,5,84,3,30,70,54,39,9,14
2,2,1,78,5,20,87,59,8,55,34
1,2,1,18,3,25,88,78,50,29,26
3,1,2,85,2,2,89,24,23,10,9
4,5,5,65,4,18,15,64,22,75,53
2,5,1,86,4,19,47,30,27,76,54
4,6,2,61,5,3,10,3,3,5,38
3,4,2,87,4,7,7,50,36,18,18
5,4,5,78,5,19,52,61,36,71,50
4,5,5,88,5,5,38,59,8,17,17
5,5,3,51,2,24,62,48,37,47,37
5,2,5,25,4,8,3,79,51,47,37
5,6,5,14,5,24,90,64,22,34,23
1,1,5,32,3,11,56,80,40,71,50
4,4,1,40,2,19,91,6,6,77,18
5,5,4,53,4,22,66,14,14,77,18
2,3,4,7,5,28,63,37,32,63,45
4,3,4,35,1,14,46,45,18,37,31
5,3,5,82,1,22,25,30,27,57,41
2,5,1,89,2,28,8,47,39,32,28
3,5,5,70,2,6,30,81,52,58,2
3,1,4,42,5,1,3,75,29,78,55
4,1,3,23,3,5,92,82,53,78,55
1,5,5,76,3,14,93,45,18,37,31
2,2,2,64,5,20,94,1,1,24,22
1,5,3,90,4,29,70,26,14,16,16
5,6,2,76,3,20,95,36,22,34,23
1,1,3,11,2,22,7,28,25,79,56
4,3,3,48,5,30,96,76,48,12,11
5,4,3,10,4,17,18,65,17,69,48
5,2,3,10,4,29,79,69,46,17,17
2,5,1,27,1,24,31,71,47,10,9
1,6,2,28,3,21,97,83,54,41,34
1,2,2,76,4,7,7,5,5,67,33
3,1,1,91,1,20,33,74,28,75,53
5,2,4,92,1,7,98,29,26,23,9
4,5,5,93,4,4,99,54,39,57,41
4,3,1,12,1,20,33,40,12,31,27
3,5,5,9,4,12,11,35,31,11,7
1,5,5,76,1,20,100,25,24,46,25
1,3,1,75,1,1,1,36,22,80,57
4,6,1,37,4,8,5,25,24,41,34
2,3,2,69,5,28,63,5,5,44,34
5,2,2,30,4,17,18,12,12,54,42
4,1,4,31,1,20,33,74,28,3,3
3,4,1,69,5,8,41,5,5,9,25
5,1,4,94,5,5,39,74,28,62,16
1,5,4,75,1,25,33,64,22,70,49
2,2,3,77,1,14,46,1,1,77,18
3,1,5,53,4,26,94,84,31,46,25
2,5,5,95,5,3,46,85,16,32,28
4,5,5,93,2,4,101,52,33,81,38
4,6,2,61,3,22,86,83,54,46,25
2,6,4,96,5,27,51,76,48,77,18
1,3,1,75,5,3,46,24,23,23,9
2,6,4,97,3,13,62,29,26,69,48
1,1,5,98,4,12,11,52,33,57,41
5,1,2,99,2,24,37,41,34,53,41
5,2,3,10,2,22,65,3,3,31,27
4,1,1,11,2,13,80,25,24,79,56
5,3,3,80,4,19,29,4,4,73,52
4,3,4,35,3,25,9,37,32,38,6
2,5,3,74,3,24,90,2,2,82,58
2,3,2,69,4,20,102,70,21,83,17
1,6,4,50,5,24,103,19,19,61,14
1,6,2,28,1,23,1,76,48,67,33
1,5,3,9,2,30,43,23,23,2,2
1,4,5,100,4,16,94,20,20,6,6
4,1,5,71,4,8,104,28,31,5,5
4,4,2,62,5,5,105,2,2,51,15
4,5,2,77,2,4,26,85,16,10,9
5,2,4,51,3,2,88,46,7,4,4
3,3,3,63,2,20,30,53,8,56,33
5,3,4,28,4,7,74,86,25,81,38
4,3,5,19,4,25,58,79,51,57,44
1,5,1,101,1,6,28,81,52,36,10
3,6,5,15,1,8,3,80,40,73,52
5,2,1,102,3,12,82,13,13,27,24
2,6,1,49,2,5,106,10,10,14,13
1,3,5,71,4,5,20,54,39,62,16
4,5,3,103,3,30,70,37,32,30,3
1,2,3,104,1,27,53,79,51,23,9
5,5,3,105,3,7,35,87,55,84,59
2,4,4,106,5,26,69,58,41,38,6
3,3,2,3,2,15,46,49,38,53,41
3,5,3,12,5,12,78,61,36,79,56
1,6,5,47,4,1,107,25,24,38,6
3,4,1,51,2,22,108,15,15,79,56
4,5,1,72,4,19,82,16,16,51,15
2,1,5,30,5,17,38,24,23,78,55
3,1,5,79,4,12,11,18,18,85,60
1,3,2,107,5,8,41,56,7,84,59
5,4,1,6,3,10,27,37,32,13,12
1,3,5,108,3,8,48,34,30,36,10
1,6,3,109,3,23,62,54,39,27,24
4,1,5,11,4,4,99,26,14,56,33
2,4,4,106,5,26,69,29,26,69,48
5,3,4,28,5,5,51,46,7,44,34
4,1,4,31,2,2,108,66,44,71,50
1,5,3,110,3,12,109,9,9,71,50
3,6,4,101,2,27,77,28,25,14,13
3,2,4,7,1,6,100,29,26,86,8
2,6,2,63,2,13,80,3,3,4,4
1,3,2,34,4,20,23,16,16,65,46
5,3,5,84,2,24,110,13,13,81,38
4,5,5,93,4,17,18,31,28,58,2
3,6,1,81,5,6,111,88,40,59,43
4,3,4,35,3,5,53,83,54,2,2
2,1,4,111,4,22,12,74,28,50,39
4,4,5,82,4,6,96,57,32,18,18
5,6,4,45,2,2,54,58,41,72,37
5,6,4,16,4,9,108,11,11,38,50
5,4,2,112,4,4,99,60,45,26,19
4,4,5,82,1,27,85,41,34,50,39
2,2,1,113,2,3,3,10,10,9,3
5,1,3,49,1,22,25,66,44,17,17
4,6,5,17,2,13,87,75,29,3,61
1,6,5,114,4,22,48,6,6,50,39
4,1,5,11,5,30,105,67,40,47,37
2,3,2,69,1,15,86,56,7,69,48
4,2,1,35,1,14,46,18,18,26,19
5,2,2,30,1,21,106,63,43,73,52
5,6,1,100,1,19,112,16,16,5,5
1,4,4,61,5,10,24,34,30,68,47
2,6,1,49,3,17,113,71,47,31,27
3,3,3,79,5,14,114,76,48,33,29
2,1,4,88,1,13,32,43,7,87,62
2,2,2,2,1,11,28,24,23,75,53
1,4,4,61,3,29,30,77,49,38,6
2,2,4,68,1,16,36,28,25,78,55
3,5,1,88,4,24,115,77,49,36,51
4,4,3,51,5,30,22,74,28,88,63
3,4,2,76,4,29,79,51,22,45,36
5,3,2,21,2,23,1,58,41,30,3
4,1,5,11,4,23,34,2,2,89,5
2,6,2,29,5,26,69,40,12,13,12
5,4,1,6,2,29,22,3,3,47,37
4,4,3,75,3,25,88,55,40,23,9
1,6,5,47,5,18,111,17,17,52,40
1,6,2,115,2,20,78,60,45,76,54
3,4,5,116,3,2,88,3,3,11,10
4,4,3,29,1,3,31,48,37,18,18
2,3,2,69,4,29,79,71,47,77,18
4,6,5,19,4,21,44,64,22,84,59
5,3,2,101,5,16,92,74,28,80,57
3,3,5,51,4,17,102,73,3,75,53
1,4,2,20,3,12,115,89,45,23,9
4,2,2,117,1,28,51,50,36,77,18
3,5,5,59,2,6,100,51,22,36,10
2,5,3,34,2,2,54,81,52,30,3
1,6,2,28,5,20,36,34,30,50,39
3,4,5,51,2,9,39,62,42,62,16
2,5,5,86,4,27,20,50,51,54,42
4,6,3,117,1,14,46,34,30,1,1
3,6,1,60,2,5,5,58,41,17,17
4,1,1,49,2,10,20,70,21,19,19
5,3,2,21,5,21,45,8,8,53,41
5,5,4,53,4,30,116,8,8,68,47
5,6,4,45,4,22,48,39,33,58,2
5,1,1,28,5,16,53,76,48,25,23
5,1,5,58,4,2,84,80,40,25,6
3,2,1,118,5,2,88,14,17,46,25
2,2,1,16,4,20,23,41,34,25,23
5,4,3,119,4,24,115,13,13,90,54
3,5,4,87,1,28,51,72,41,60,44
1,1,2,39,4,6,6,66,44,12,11
3,4,4,1,5,18,76,54,39,81,38
4,6,4,115,2,11,11,78,50,78,55
1,5,1,30,3,10,27,90,18,58,2
3,2,2,46,5,3,24,10,10,75,53
2,3,3,95,2,14,29,20,20,87,62
2,3,3,89,2,22,65,91,56,7,7
5,3,5,100,4,26,94,30,27,13,12
1,5,1,114,3,5,53,33,4,7,7
4,1,3,23,5,8,41,73,3,28,25
5,2,2,76,1,8,3,23,23,61,17
2,1,5,30,4,10,117,76,48,57,41
3,6,2,52,3,23,62,58,41,84,59
1,1,1,66,4,13,13,16,16,81,38
3,2,3,120,4,6,22,76,48,45,36
3,5,1,15,5,1,114,49,38,17,17
3,2,2,46,2,11,73,51,22,45,36
2,2,2,2,2,1,19,88,40,3,3
2,4,1,110,5,27,51,52,33,52,40
1,1,4,61,5,13,116,59,8,25,23
5,5,2,4,5,24,103,53,8,68,47
1,4,1,121,4,25,118,4,4,91,26
1,3,2,20,2,23,1,80,40,23,9
3,2,2,46,5,19,70,32,29,27,24
4,1,5,11,2,30,30,39,33,77,18
1,1,1,66,5,4,119,4,4,26,19
1,3,1,69,1,10,2,69,46,59,43
1,6,3,109,5,17,38,82,53,53,41
2,3,1,4,1,9,2,34,20,33,29
1,4,5,9,5,2,3,53,8,38,6
1,3,1,75,3,2,80,69,46,61,14
5,1,4,94,5,17,38,15,15,74,45
1,1,4,61,4,28,66,61,36,67,33
2,5,3,13,5,24,103,44,35,58,2
2,3,3,23,1,21,120,48,37,81,38
5,2,4,30,4,25,118,45,18,92,64
1,4,5,9,1,22,111,28,25,44,34
2,5,1,60,3,10,75,29,26,41,34
3,5,4,116,3,17,113,82,53,66,34
2,5,2,37,1,14,46,23,23,16,16
5,6,5,95,1,5,87,92,41,65,46
3,2,1,77,3,15,30,48,37,56,33
5,3,4,28,1,24,31,93,56,58,2
3,1,5,79,1,22,107,21,21,65,46
3,2,1,122,1,14,46,85,16,24,22
5,2,3,11,1,5,116,68,35,36,10
3,1,2,85,1,26,49,69,46,52,40
1,3,5,82,5,20,94,75,29,87,62
2,1,5,71,4,13,13,82,53,57,41
2,4,1,17,2,15,6,14,14,6,6
5,3,2,21,4,26,94,94,57,71,50
5,3,4,32,1,23,82,5,5,38,6
5,3,5,82,4,29,79,68,35,55,34
5,5,5,103,1,5,116,63,43,67,33
3,5,3,12,3,11,56,64,22,60,44
2,3,2,69,1,6,100,84,31,37,31
1,6,1,4,3,4,46,29,26,76,54
1,2,1,96,4,14,11,95,42,61,14
5,1,4,94,2,24,62,46,7,88,63
1,5,5,76,5,5,50,78,50,27,24
2,6,2,80,1,2,121,25,24,47,37
4,6,2,7,4,29,79,78,50,66,34
4,4,3,51,5,12,30,46,7,41,34
4,1,1,49,4,13,122,30,27,77,18
5,5,2,89,2,16,34,48,37,16,16
1,6,3,8,3,16,34,36,22,32,28
1,2,3,41,2,6,99,49,38,46,25
5,4,4,67,2,11,11,49,38,63,45
4,1,3,23,1,21,23,48,37,7,7
3,2,4,89,4,25,118,93,56,86,8
4,6,1,55,5,9,92,63,43,83,17
4,4,5,123,1,18,26,45,18,14,13
3,6,1,13,5,15,113,54,39,29,26
3,4,2,40,1,21,23,45,18,49,22
4,3,1,12,5,22,52,55,40,75,53
1,3,5,110,4,17,18,65,17,75,53
3,6,5,123,2,4,123,33,4,86,8
2,6,1,49,2,11,11,78,50,88,63
2,3,5,114,4,10,5,52,33,5,5
5,5,2,15,1,21,23,91,56,8,8
5,5,2,15,5,27,51,16,16,68,47
2,1,5,30,1,10,2,3,3,83,17
1,2,2,35,3,21,78,29,26,15,15
2,4,1,48,1,22,25,58,41,93,39
2,1,3,6,3,12,56,68,35,9,14
4,5,5,93,1,19,48,24,23,43,32
5,1,3,33,4,25,52,58,41,44,34
5,2,5,25,2,17,64,47,39,70,49
4,3,3,48,3,9,124,70,21,16,20
3,2,4,109,5,23,125,26,14,77,18
4,1,3,23,2,5,5,90,18,44,34
3,3,4,11,2,24,62,39,33,33,29
3,1,2,124,5,14,114,23,23,81,38
2,2,3,29,4,13,13,56,7,61,14
2,1,1,57,4,25,118,14,14,7,7
3,6,2,125,1,2,121,67,40,43,32
4,2,1,35,4,30,116,70,21,94,63
5,6,1,75,3,9,124,95,42,64,24
5,4,5,78,2,17,94,29,26,62,16
3,2,1,39,5,12,69,21,21,89,61
1,3,1,25,2,4,26,81,52,44,34
5,1,5,59,1,19,6,79,51,21,10
5,3,3,80,5,21,45,63,43,82,58
5,4,1,126,3,29,30,29,26,53,41
5,6,5,43,4,6,6,68,35,51,15
1,2,4,34,3,30,70,84,31,94,63
5,2,2,30,1,24,31,30,27,9,3
1,6,4,119,3,9,102,51,22,12,11
5,6,3,29,1,16,36,89,45,5,5
5,6,1,100,3,20,95,7,7,48,38
2,4,3,86,1,26,24,15,35,33,29
3,5,1,88,3,18,26,93,56,32,28
3,3,5,127,4,12,11,54,39,93,39
4,3,3,48,4,13,13,22,22,81,38
3,5,5,9,4,1,11,57,32,78,55
2,3,4,7,5,13,116,48,37,8,8
1,6,4,56,2,2,54,37,32,91,26
3,6,3,43,4,17,99,72,41,27,24
5,1,1,28,3,10,44,94,57,56,33
3,5,2,21,1,26,126,69,46,86,8
3,3,3,63,3,29,36,29,26,18,18
3,3,5,51,1,22,36,36,22,26,63
5,3,5,128,4,14,11,77,49,9,14
1,5,3,9,2,21,112,64,22,42,35
5,3,2,21,2,16,17,95,42,43,32
3,1,2,85,1,16,3,6,6,82,58
4,3,5,19,1,19,71,54,39,47,37
5,3,4,64,2,30,64,61,36,23,9
3,3,2,129,4,8,5,32,29,46,25
3,1,1,47,4,20,23,51,22,31,27
1,5,4,102,5,14,118,17,17,26,19
3,2,5,130,4,16,61,89,52,6,6
3,2,2,46,2,3,3,86,25,60,44
5,4,1,120,2,29,3,15,15,90,54
5,2,1,102,5,9,81,49,38,27,24
4,4,4,104,4,19,29,36,22,79,56
3,3,2,3,4,22,48,32,29,82,58
4,2,1,66,4,22,48,52,33,13,12
2,6,3,55,2,15,18,75,29,42,35
3,4,3,61,2,28,78,25,24,20,20
2,3,4,18,5,1,125,94,57,49,22
2,2,5,63,3,6,75,6,6,36,10
1,4,4,61,4,6,6,72,41,36,51
5,5,3,7,3,28,26,42,5,11,10
3,6,1,13,1,29,6,26,14,79,56
5,3,1,25,4,5,17,3,3,64,24
4,4,3,51,3,13,62,74,28,83,17
3,2,1,122,5,27,127,48,37,54,42
5,1,4,84,5,16,53,84,31,70,49
1,1,4,131,4,28,66,38,7,10,9
2,4,1,110,5,27,51,61,36,27,24
3,2,2,21,4,2,29,93,56,32,28
2,1,1,57,3,7,128,32,29,9,3
4,2,4,14,5,23,116,86,25,80,57
3,2,3,110,3,6,58,71,47,10,9
2,5,1,27,3,14,15,19,19,36,51
4,1,4,31,3,17,46,17,17,57,41
2,2,1,16,3,13,55,56,7,15,15
3,1,1,47,3,16,83,42,5,27,24
1,2,3,41,3,6,27,78,50,79,56
4,1,2,60,3,16,86,23,23,33,29
2,1,5,30,1,18,26,28,25,38,6
4,1,2,60,4,19,29,75,29,13,12
1,3,2,34,4,3,2,71,47,10,9
1,2,5,62,3,7,128,42,5,25,23
2,6,1,49,5,14,93,19,19,68,47
2,6,3,73,5,23,22,9,9,26,19
4,1,4,31,4,27,111,15,15,61,14
2,1,1,57,5,16,44,38,7,24,22
5,3,2,21,3,25,88,12,12,59,43
1,4,3,66,3,24,90,65,17,33,29
5,1,1,125,5,8,41,30,27,87,62
2,6,2,29,3,25,88,26,14,47,37
1,5,1,30,4,7,7,17,17,90,54
1,4,1,120,5,20,26,95,42,84,59
2,4,2,33,4,24,115,15,15,2,2
4,6,3,29,1,3,20,66,44,10,9
2,6,4,91,2,16,85,66,44,79,56
3,6,5,47,4,23,110,1,1,23,9
5,5,1,25,3,18,12,65,17,76,32
3,5,5,9,1,2,121,95,42,59,43
2,6,2,132,3,19,45,96,43,33,29
3,4,5,51,4,1,50,91,56,29,26
3,5,1,88,5,1,11,58,41,72,37
1,4,3,133,3,6,75,23,23,57,41
5,2,4,51,4,9,14,53,8,94,63
2,3,5,114,1,11,28,90,18,46,25
1,4,3,133,5,28,63,70,21,82,58
2,2,1,16,2,18,49,23,23,3,3
1,4,4,75,2,13,80,4,4,50,39
1,3,3,67,1,18,129,93,56,77,18
3,1,3,80,2,15,46,76,48,73,52
3,5,1,109,5,18,99,74,28,77,18
3,5,4,40,2,7,29,53,8,57,41
5,1,4,94,3,1,130,67,40,54,42
2,3,1,4,3,21,114,50,30,75,53
4,4,1,107,4,11,14,73,3,82,58
3,4,4,123,3,17,75,37,32,45,36
5,4,4,124,4,1,50,49,38,60,44
3,5,2,21,3,5,53,38,7,41,34
5,5,3,132,4,9,14,91,56,57,41
1,1,3,47,5,5,105,8,8,64,24
4,3,5,19,5,24,84,95,42,57,41
2,6,4,96,1,2,121,45,18,33,29
3,6,2,19,3,23,105,48,37,8,8
1,4,5,9,2,8,56,92,41,83,17
3,4,2,109,1,11,28,28,25,4,4
4,3,3,48,5,5,25,14,14,4,4
1,4,4,61,3,12,101,78,50,9,14
5,6,5,95,2,29,22,13,13,17,17
4,3,4,100,5,13,5,6,6,53,41
2,2,3,77,3,1,75,77,49,87,62
1,1,2,105,4,5,50,50,36,11,10
5,2,5,25,2,2,54,20,20,12,11
5,1,3,33,5,5,99,26,14,32,28
2,4,2,33,5,21,45,68,35,17,17
1,3,3,67,1,8,70,20,20,66,34
2,2,2,40,3,28,131,53,8,9,14
5,6,1,100,4,9,14,86,25,63,45
5,6,4,45,1,13,37,67,40,15,15
5,6,5,134,4,12,11,19,19,56,33
2,6,5,9,1,27,53,51,22,79,56
3,2,3,16,5,25,53,91,56,42,35
4,6,3,29,1,26,123,35,31,68,47
2,3,5,114,5,5,132,74,28,23,9
5,6,5,95,5,18,76,83,54,30,3
2,2,3,77,3,13,133,11,11,3,3
5,1,1,28,3,13,62,78,50,40,33
1,1,3,47,3,23,131,49,38,61,14
3,6,4,127,1,6,110,73,3,18,18
4,3,5,60,4,27,20,24,23,16,16
2,2,4,68,5,2,100,75,31,61,14
1,1,5,78,4,18,15,75,29,16,16
5,3,1,25,4,5,17,77,49,27,24
3,5,4,40,4,13,13,44,35,7,7
3,2,1,122,1,3,29,77,49,29,26
2,2,3,77,1,4,104,21,21,13,12
1,4,4,61,4,24,115,32,29,30,3
4,1,3,23,4,30,116,27,12,31,27
5,1,4,94,3,25,31,59,8,3,3
5,2,2,114,1,27,53,26,14,36,10
1,5,1,30,4,27,20,31,28,87,62
1,2,5,2,2,28,52,28,25,63,45
3,2,2,46,2,27,60,84,31,13,12
1,1,1,66,3,11,56,26,14,43,32
4,4,2,62,3,14,93,31,28,89,61
5,5,4,102,4,29,79,17,17,41,34
5,6,3,135,1,20,121,96,43,47,37
1,4,3,133,4,2,29,67,40,43,32
5,3,1,25,2,7,29,25,24,51,21
3,1,3,37,3,18,26,5,5,21,10
1,3,3,67,4,1,50,71,47,28,25
5,5,3,111,5,9,92,40,12,47,37
1,6,3,70,5,5,125,52,33,60,44
2,3,1,4,2,17,130,74,28,74,45
5,6,1,100,4,20,72,68,35,94,63
5,5,3,78,5,7,30,63,43,31,27
1,6,2,98,4,14,11,32,29,6,6
4,1,5,7,1,11,28,71,47,66,34
4,2,4,14,4,18,13,78,50,65,46
5,3,2,79,3,22,86,46,7,90,54
4,2,2,57,1,16,36,26,14,62,25
2,1,5,7,3,27,112,91,56,13,12
2,2,5,70,4,29,43,81,52,40,33
1,1,3,22,5,11,21,42,5,67,33
3,6,4,127,5,27,112,43,7,34,23
1,3,3,60,4,7,7,11,11,49,22
2,3,3,89,3,13,62,18,18,87,62
2,2,3,77,1,16,134,37,32,80,57
1,4,1,121,2,24,62,68,35,1,1
4,5,1,16,3,2,88,94,57,54,42
4,3,4,106,4,11,59,78,50,62,16
3,6,5,67,3,20,95,4,4,14,13
4,5,4,136,5,3,83,25,24,65,46
1,1,5,32,4,11,59,43,7,3,3
5,1,2,99,2,22,80,36,22,55,34
5,6,2,37,5,5,134,43,7,36,51
3,1,5,79,5,7,62,40,12,36,51
2,1,3,1,2,8,76,86,25,5,5
3,4,3,61,4,5,17,46,7,45,36
5,2,3,10,2,5,5,42,5,25,23
5,6,1,50,3,30,124,68,35,14,13
4,4,1,23,1,3,117,24,23,65,46
5,4,2,112,2,19,91,8,8,64,24
3,6,3,82,4,7,33,76,48,22,21
3,2,2,137,4,22,48,48,51,54,42
1,6,1,4,4,28,66,43,7,47,37
5,1,5,20,1,8,3,17,17,22,21
1,1,3,47,1,21,23,14,7,26,19
4,1,3,23,4,10,120,3,3,93,39
3,1,1,47,4,20,23,56,7,88,62
2,2,3,77,4,14,47,19,19,5,5
5,1,5,59,1,16,36,31,28,5,5
2,6,3,55,2,27,77,93,56,25,23
3,6,1,13,4,13,13,27,12,33,29
1,3,3,67,3,3,40,33,4,4,4
5,6,4,45,2,8,98,23,23,17,17
5,1,4,92,4,7,7,8,8,83,17
1,6,2,28,3,30,70,92,41,72,37
3,6,5,123,5,14,114,8,8,46,25
1,4,3,133,3,21,96,75,29,43,32
2,2,1,16,1,3,20,47,39,25,23
3,2,1,122,2,9,30,54,39,90,54
3,1,2,85,2,16,17,85,16,74,45
3,5,3,12,3,2,88,36,22,58,2
4,1,5,134,4,2,29,24,23,72,37
3,6,4,127,2,8,63,72,41,5,5
3,6,2,89,5,21,45,40,12,9,14
4,3,5,93,4,12,11,29,26,50,39
1,4,2,138,4,3,118,81,52,27,24
3,6,4,127,1,3,20,18,18,51,15
1,1,3,47,3,19,71,15,15,12,11
3,2,1,127,2,8,63,67,40,74,45
3,3,3,63,5,1,28,8,8,14,13
4,1,1,49,3,9,124,24,23,41,34
2,6,3,55,3,19,91,42,5,34,23
4,5,3,60,4,22,19,14,14,80,57
4,6,3,85,3,19,48,63,43,46,25
5,6,2,127,3,24,60,17,17,15,15
1,3,4,126,2,16,17,40,12,57,41
2,6,3,55,2,8,63,62,42,86,8
1,5,1,30,2,4,88,15,15,2,2
5,5,1,23,5,12,6,93,56,69,48
1,4,5,9,1,27,53,55,40,77,18
5,3,3,80,5,9,29,90,18,56,33
2,4,3,86,5,11,23,33,4,88,63
2,3,4,7,1,14,9,32,29,3,3
2,5,2,18,3,26,39,64,22,54,42
2,5,4,47,1,13,123,41,34,2,2
3,4,3,61,3,17,113,12,12,63,45
4,2,2,11,3,30,70,11,11,80,57
1,1,3,101,5,20,76,22,22,70,49
4,6,4,139,4,13,54,74,28,61,14
2,6,4,96,3,25,39,60,45,93,39
1,5,5,76,4,4,90,84,31,6,42
2,5,2,37,2,28,52,2,2,81,38
2,6,2,29,5,19,52,81,52,33,29
4,6,4,115,5,23,22,76,48,38,6
4,3,1,135,4,13,13,70,21,68,47
5,2,3,86,4,13,13,6,6,25,23
5,2,4,113,2,2,54,70,21,5,5
4,6,3,80,5,2,117,20,20,17,17
3,4,4,1,5,5,105,40,12,31,27
3,4,2,76,3,13,62,83,54,50,39
1,4,2,20,1,23,76,50,36,36,51
5,1,1,28,1,8,3,3,3,11,10
1,1,4,61,5,4,117,3,3,86,8
3,5,3,75,2,5,115,63,43,84,59
1,1,2,105,5,5,37,75,29,90,54
3,4,1,19,2,16,17,84,31,88,63
2,4,3,86,2,21,112,81,52,1,1
1,5,4,10,5,20,105,21,21,3,3
1,6,5,47,1,20,93,29,26,71,50
2,3,3,89,1,25,51,63,43,36,51
4,2,4,14,3,9,42,79,51,22,21
4,3,5,19,3,14,93,44,35,89,61
4,2,5,51,5,8,41,5,5,47,37
3,5,1,61,1,18,26,57,32,8,8
3,3,5,57,5,1,28,53,8,72,37
3,1,5,79,3,18,26,56,7,54,42
5,2,5,115,3,8,98,13,13,2,2
1,3,3,67,2,21,135,80,40,2,2
3,2,1,122,5,2,88,76,48,28,25
4,3,3,8,1,6,5,72,31,78,55
3,1,3,10,3,2,88,86,25,53,41
5,1,1,83,5,10,24,16,16,52,40
2,3,5,107,1,12,12,62,42,92,64
5,1,4,94,3,19,73,69,46,85,60
1,6,2,28,1,10,2,6,6,56,33
2,2,1,14,2,12,57,44,35,53,41
1,1,5,32,4,9,14,54,39,90,54
1,2,5,2,3,15,1,47,39,15,15
3,3,1,133,5,26,69,72,41,42,35
3,1,5,79,3,15,41,73,3,6,6
5,2,4,123,5,11,115,84,31,34,23
2,4,4,5,4,5,136,77,49,39,32
5,6,5,88,3,20,6,74,28,11,10
2,3,5,114,4,5,17,46,7,56,33
2,4,3,86,2,30,64,41,34,56,33
5,6,1,100,4,30,116,26,14,5,5
2,1,4,8,3,4,4,28,25,29,26
3,2,3,16,3,5,53,29,26,64,24
3,2,1,80,3,11,56,57,26,79,56
4,2,1,35,5,23,111,76,48,36,51
1,6,5,47,5,7,68,56,7,16,16
5,3,2,57,1,21,23,75,29,6,6
2,3,2,69,1,10,2,13,13,91,26
1,5,2,81,4,29,14,54,39,11,10
1,4,5,9,1,7,124,72,41,20,20
3,6,2,52,2,4,26,9,9,38,6
3,3,1,129,3,21,78,25,24,19,19
1,5,3,9,5,5,105,13,13,14,13
3,6,5,92,2,4,89,26,14,13,12
4,6,3,29,3,23,117,48,37,84,59
1,3,3,70,2,20,78,96,43,91,26
3,3,4,11,5,15,135,93,56,90,54
3,6,1,13,4,28,66,72,41,93,39
5,2,4,51,4,13,10,27,12,59,43
4,2,2,50,5,30,105,39,33,91,26
4,1,3,23,3,7,128,41,34,58,2
3,4,4,1,3,26,93,44,51,61,14
3,1,1,45,5,6,111,59,8,67,33
3,6,4,127,3,8,48,24,23,53,41
5,3,2,21,5,29,41,21,21,9,3
2,6,1,49,2,15,46,1,1,15,15
2,4,5,18,1,30,45,85,16,52,40
1,6,1,46,4,20,23,41,34,2,2
2,1,4,8,5,28,63,21,21,33,29
3,1,4,38,3,18,26,13,13,33,29
4,6,3,29,4,28,56,71,47,14,13
2,6,3,41,2,2,54,19,19,9,14
2,2,3,77,2,6,100,28,25,67,33
3,4,2,76,5,28,63,30,27,92,64
4,6,3,29,2,25,5,68,35,12,11
4,5,2,77,2,4,26,24,23,14,13
2,1,4,8,5,27,51,27,12,49,22
4,1,4,31,4,25,136,40,12,54,42
1,5,1,140,3,26,89,73,3,28,25
5,2,5,60,1,19,48,2,2,79,56
5,6,3,29,3,25,88,42,5,74,45
3,5,5,36,4,27,20,60,45,66,34
2,2,1,67,3,23,62,76,48,83,17
2,6,1,49,4,20,23,75,29,53,41
1,6,2,28,3,8,48,92,41,5,5
1,5,3,9,4,28,66,78,50,35,30
2,2,2,2,2,24,62,49,38,32,28
5,3,2,21,5,17,11,59,8,80,57
3,3,5,12,5,24,103,7,7,76,54
5,2,5,25,3,4,4,27,12,66,34
1,4,2,20,2,19,91,83,54,66,34
2,4,5,18,2,4,26,68,35,30,3
3,2,2,74,3,12,82,62,42,4,4
5,1,2,133,1,9,133,61,36,3,3
3,1,1,47,2,3,3,83,54,66,34
5,3,1,25,1,8,89,34,30,85,60
3,5,5,111,2,5,73,10,10,15,15
3,4,3,61,3,25,88,79,51,87,62
2,5,2,37,3,21,126,11,11,69,48
2,3,2,69,2,28,52,5,5,80,57
3,3,4,117,5,15,135,83,54,85,11
2,5,1,27,3,27,112,88,40,87,62
5,4,3,134,4,28,63,80,40,69,48
5,1,4,115,4,23,19,90,18,87,62
3,3,4,11,1,13,32,18,18,52,40
5,3,2,21,3,3,137,46,7,47,37
5,1,1,28,5,9,138,39,33,94,63
3,3,2,132,2,19,32,43,7,76,54
2,2,2,2,4,20,10,46,7,68,47
1,1,2,105,1,29,88,2,2,35,30
3,5,3,12,5,12,69,16,16,67,33
2,4,5,129,3,18,39,68,35,47,37
3,6,3,124,1,9,111,31,28,76,54
4,4,2,62,2,20,78,91,56,16,16
3,6,3,43,2,2,102,50,36,33,29
4,1,1,10,5,13,52,22,22,5,5
2,2,4,68,5,26,43,74,28,39,32
2,3,4,67,5,8,41,67,40,17,17
4,2,2,11,4,26,94,12,12,19,19
4,1,1,49,5,7,74,73,3,33,29
1,6,4,50,3,14,93,91,56,55,34
4,5,3,95,2,7,29,45,18,29,31
4,6,3,29,4,20,16,60,45,78,55
2,5,4,47,2,19,139,50,36,50,39
1,2,5,2,4,29,9,88,40,12,11
1,6,4,50,2,20,12,40,12,36,10
1,1,2,46,1,18,26,88,40,29,26
4,5,4,72,5,10,24,91,56,20,20
5,5,4,27,3,12,45,54,39,47,37
1,6,5,47,5,2,88,2,2,90,54
5,5,2,15,1,14,46,6,6,92,64
1,3,3,67,1,25,51,27,12,29,26
1,1,3,47,3,15,44,53,8,5,5
5,4,4,111,5,25,58,86,25,20,20
1,5,3,35,2,15,46,90,18,10,9
4,4,2,62,5,30,105,31,28,5,5
2,3,4,7,3,30,70,76,48,39,32
1,1,5,32,5,16,53,34,30,79,56
4,5,2,77,2,20,78,53,8,39,29
1,6,2,74,4,12,11,82,53,23,9
4,4,4,104,4,30,116,49,38,36,10
5,5,3,7,1,6,131,22,22,53,41
3,5,1,74,3,26,43,52,33,82,58
1,4,5,9,1,15,86,41,34,46,25
4,3,4,35,5,2,88,15,15,8,8
4,5,2,77,5,7,30,3,3,22,21
1,2,5,2,4,2,29,27,12,69,48
2,6,1,75,2,6,71,53,8,55,34
2,4,1,27,5,18,5,8,32,62,16
5,1,3,141,1,7,11,45,18,72,37
4,4,5,82,1,13,32,65,17,66,34
2,4,5,2,1,4,84,6,6,64,24
2,3,5,114,1,24,22,15,15,39,32
2,6,1,14,2,30,102,61,36,22,21
3,6,3,43,4,20,43,52,33,87,62
5,3,1,25,3,29,140,83,54,87,62
5,4,1,6,3,8,48,65,17,86,8
2,1,3,1,1,15,86,54,39,85,60
4,1,2,135,4,5,18,18,18,56,33
2,6,5,142,5,20,9,18,18,9,3
4,6,5,17,1,20,33,34,30,26,19
1,5,2,39,3,16,83,77,49,67,33
4,3,4,35,2,6,128,12,12,28,25
2,4,5,18,5,15,135,4,4,76,54
1,1,2,105,5,7,30,41,34,76,54
1,6,3,109,5,27,45,52,33,72,37
2,2,4,68,2,10,10,52,33,58,2
5,5,1,38,5,29,41,22,22,57,41
2,5,1,27,1,7,98,37,32,9,3
5,2,3,75,3,2,88,50,36,52,40
1,4,2,4,3,6,75,49,38,30,3
4,3,5,19,2,8,63,35,31,32,28
5,2,5,25,2,13,80,61,36,74,45
3,6,4,127,1,26,24,76,48,37,31
4,1,4,31,2,3,3,47,39,90,54
1,2,3,41,4,22,48,53,8,85,60
4,3,5,95,2,23,14,25,24,39,32
3,2,5,130,4,14,1,83,54,44,34
4,5,4,43,3,9,85,81,52,89,61
2,4,3,86,2,29,46,28,25,94,63
3,1,1,141,5,21,8,57,32,85,60
1,4,3,60,1,20,61,77,49,18,18
5,4,2,112,1,14,14,1,1,46,25
4,6,4,108,3,7,128,70,21,1,18
5,6,5,99,1,6,100,10,10,51,15
1,3,4,143,1,25,51,74,28,35,30
5,3,1,25,5,4,128,32,29,74,45
5,6,2,127,3,25,88,48,37,76,54
4,1,4,31,4,8,5,26,14,60,44
2,6,4,96,1,11,2,25,24,31,27
4,1,5,28,3,27,103,33,4,14,13
1,4,2,56,3,10,27,5,3,69,48
2,5,5,81,3,7,11,13,13,67,33
1,5,5,76,4,24,115,18,18,37,31
5,4,4,124,4,26,94,2,2,66,34
2,6,2,29,4,25,108,82,53,70,49
4,2,5,30,5,21,3,72,41,81,38
4,2,4,14,2,17,139,50,36,65,46
2,2,4,68,5,9,106,20,20,59,43
5,1,1,28,3,29,141,41,34,3,3
2,3,5,114,2,4,26,84,31,6,6
2,2,5,70,3,22,86,9,9,29,26
4,5,1,72,2,9,117,88,40,80,57
2,2,3,130,5,2,142,73,3,43,32
3,4,3,61,1,25,111,55,40,54,42
4,3,1,12,4,27,143,95,42,75,53
2,3,2,7,3,15,38,26,14,21,10
5,2,3,10,4,9,14,68,35,1,1
2,1,1,57,3,11,1,17,17,32,28
4,2,5,119,1,26,45,64,22,87,62
2,1,3,37,2,17,94,32,29,71,50
1,1,4,66,1,4,104,18,18,65,46
3,3,1,9,4,2,29,37,32,73,52
1,2,3,55,1,29,6,93,56,54,42
5,3,3,80,3,18,90,30,27,39,32
3,5,4,40,3,26,39,10,10,63,45
4,1,5,73,4,24,115,55,40,29,26
5,1,3,2,1,20,27,58,41,11,10
3,3,5,136,3,25,88,31,28,90,54
2,1,1,57,2,30,109,14,14,1,1
3,6,4,127,4,20,23,62,42,9,3
4,3,5,8,5,29,41,81,52,50,39
5,2,3,10,4,6,116,50,36,64,24
4,5,1,72,3,20,95,2,2,14,13
3,3,4,11,2,6,100,86,25,66,34
2,5,4,47,2,5,5,56,7,64,24
2,3,1,4,3,12,10,26,14,90,54
3,3,2,3,5,27,51,84,31,1,1
4,4,4,132,5,12,69,71,47,19,19
5,4,4,29,2,4,26,30,27,78,55
4,6,2,61,4,19,29,30,27,59,43
5,4,4,124,2,25,16,35,31,22,21
1,1,3,47,1,29,89,67,40,7,7
4,2,5,30,3,12,140,84,31,41,34
1,6,3,109,3,11,56,71,47,56,33
1,1,4,61,5,2,88,71,47,85,60
4,1,2,60,1,13,32,12,12,65,46
2,5,5,42,2,8,63,76,48,85,60
4,5,3,83,4,27,20,55,40,23,9
1,3,5,71,4,24,90,34,30,30,3
2,1,4,8,1,4,104,19,19,82,58
2,5,2,62,1,29,11,23,23,7,7
2,6,4,96,4,5,17,81,52,63,45
3,5,4,40,4,29,87,90,18,25,23
4,3,2,81,2,24,83,63,43,22,21
5,3,2,85,4,23,110,83,54,37,31
2,6,3,81,1,30,47,62,42,36,10
4,2,5,30,1,23,1,62,42,2,2
1,4,4,80,2,3,3,33,4,11,10
5,3,5,82,5,25,99,66,44,23,9
1,4,1,121,1,6,100,82,53,79,56
4,1,3,23,5,29,41,51,22,76,54
2,2,3,77,4,23,110,32,29,52,40
4,4,1,23,1,22,25,83,54,81,38
2,4,4,106,1,26,119,62,42,44,34
5,5,4,18,2,14,36,25,24,60,44
2,2,4,68,4,25,67,49,38,37,31
2,3,1,4,4,21,44,10,10,39,32
4,6,2,61,4,12,11,52,33,8,8
4,3,4,54,5,9,86,82,53,81,38
3,3,4,11,4,9,23,38,7,10,9
1,2,4,51,4,16,144,17,17,9,3
5,5,4,53,3,7,69,93,56,33,29
1,3,2,34,4,4,99,75,29,80,57
2,6,2,12,2,25,97,8,8,47,37
4,3,1,21,5,3,6,65,17,79,56
5,5,5,137,4,11,59,93,56,6,6
3,1,4,38,5,30,105,67,40,40,33
1,1,2,52,2,27,77,92,41,59,43
2,6,1,49,1,15,86,93,56,6,6
4,5,4,43,5,9,92,86,25,39,32
5,3,1,25,1,2,143,35,31,16,16
1,6,3,109,1,7,39,23,23,16,16
5,5,1,23,5,21,45,28,25,48,38
2,2,4,137,3,4,20,14,14,15,15
2,6,4,96,5,13,116,10,10,68,47
4,1,3,20,4,11,80,16,16,86,8
3,4,2,86,2,14,36,54,39,13,12
1,2,3,41,3,6,75,36,22,27,24
2,2,5,70,5,14,114,78,50,27,24
4,4,3,51,3,5,53,67,40,69,48
2,3,2,125,1,19,22,87,55,36,51
3,3,4,11,5,27,110,57,32,74,45
1,1,5,47,5,9,92,79,51,1,1
3,4,4,1,4,16,94,1,1,48,38
2,5,2,37,1,3,87,76,48,54,42
2,2,4,68,3,12,82,70,21,38,6
2,1,4,8,3,9,124,5,5,65,46
2,3,5,6,4,25,87,29,26,29,26
5,1,2,8,2,15,46,79,51,87,62
3,1,2,85,1,7,98,59,8,31,27
2,2,1,16,5,25,77,83,54,32,28
4,5,3,83,5,19,52,96,43,93,39
2,3,2,69,2,16,87,44,35,57,41
1,4,3,133,2,13,80,16,16,73,52
1,2,5,56,5,10,42,41,34,44,34
5,1,3,33,2,29,56,71,47,6,6
5,4,1,6,4,25,118,72,41,51,53
5,2,1,102,3,29,30,92,41,17,17
5,1,5,59,5,15,135,51,22,7,7
1,5,1,30,3,18,82,27,12,60,44
1,4,1,121,5,23,22,68,35,56,33
3,4,3,61,4,29,79,19,19,78,55
1,3,3,115,4,10,107,73,3,15,15
2,5,1,27,3,4,69,11,11,43,32
3,4,2,76,5,18,137,17,17,42,35
1,3,5,25,2,1,19,67,40,65,46
3,4,5,51,1,7,9,32,29,90,54
4,2,4,14,4,10,143,84,31,84,59
1,5,3,9,1,27,53,64,22,65,46
5,3,2,21,5,20,94,28,25,34,23
2,4,1,110,3,25,88,48,37,49,22
2,6,4,112,2,29,6,78,50,56,33
3,4,5,51,5,26,69,29,26,60,44
4,3,3,6,2,19,96,16,16,30,3
1,5,5,76,1,19,48,34,30,9,14
2,4,2,18,2,10,10,15,15,24,22
2,2,4,99,2,26,137,28,25,33,29
3,4,1,118,3,22,132,28,25,6,6
4,6,2,61,5,29,41,83,54,59,43
4,3,3,115,4,5,17,46,7,57,41
3,4,5,51,3,15,69,19,19,52,40
4,5,2,77,2,6,100,16,16,81,38
2,1,3,87,4,4,31,19,19,53,41
4,5,2,34,3,25,20,48,37,19,19
3,3,3,92,2,29,22,41,34,58,2
2,5,3,43,5,8,41,13,13,66,34
5,4,4,124,4,30,13,11,11,10,9
2,3,1,4,1,6,100,41,34,44,34
4,3,5,19,2,12,57,28,25,85,60
5,2,5,25,4,12,11,87,55,40,33
4,3,2,81,4,24,115,16,16,83,17
1,2,4,34,3,20,95,74,28,11,10
1,3,1,62,1,3,20,65,17,10,9
1,1,1,66,2,19,115,49,38,77,18
3,4,5,51,3,15,35,45,18,44,34
1,5,5,77,2,30,108,15,15,53,41
1,4,1,121,1,11,58,59,8,17,17
3,4,5,51,3,27,112,84,31,36,51
2,2,4,68,4,23,110,91,56,45,36
4,6,2,77,5,27,51,85,16,72,37
4,5,5,93,1,19,48,80,40,9,14
1,3,5,78,5,27,51,47,39,35,30
2,1,3,1,3,5,53,54,39,35,30
4,1,5,11,2,13,80,49,38,76,54
3,6,2,52,4,2,48,68,35,36,10
5,3,4,52,3,21,78,41,34,91,26
1,1,2,29,5,27,116,34,30,46,25
5,1,2,8,1,17,84,17,17,33,29
3,2,1,122,1,22,25,74,28,8,8
3,3,2,3,3,4,47,77,49,17,17
4,2,3,67,4,5,17,3,3,79,56
1,5,3,9,3,29,30,13,13,34,23
3,1,3,80,2,24,1,10,10,76,54
4,4,2,62,4,16,94,70,21,44,34
1,6,4,50,2,1,19,38,7,62,16
5,4,4,124,5,2,88,47,39,16,16
4,6,4,115,4,2,104,82,53,67,33
1,5,2,46,2,26,137,9,9,29,26
3,5,3,12,1,27,30,1,1,57,41
2,3,1,90,2,18,109,84,25,86,8
