1,1,1,1,1,1,1,1,1
2,2,2,2,2,2,2,2,2
3,3,3,3,3,3,3,3,3
4,4,3,4,4,4,4,4,4
5,5,4,5,5,5,5,5,5
6,6,5,6,6,6,6,6,6
7,7,2,7,7,7,7,7,7
8,8,6,8,8,8,8,8,8
9,9,7,9,9,9,9,9,9
10,10,8,10,10,10,10,10,10
11,11,6,3,11,11,11,11,11
6,12,6,11,12,12,12,12,12
12,13,9,12,13,13,13,13,13
13,14,9,13,14,14,14,14,14
14,15,5,14,15,15,15,15,15
15,16,8,15,16,16,16,16,16
16,17,3,16,17,17,17,17,17
17,18,5,17,18,18,17,18,18
18,19,6,18,19,19,18,19,19
19,20,8,19,20,20,19,20,20
20,21,7,20,21,21,20,21,21
21,22,5,21,22,22,21,22,22
22,23,10,22,23,23,22,23,23
23,24,10,23,24,24,23,24,24
24,25,5,24,25,25,24,25,25
25,26,4,25,26,26,15,26,26
26,27,7,26,27,5,5,27,27
27,28,8,27,28,27,25,28,28
28,29,3,28,29,28,26,29,29
29,30,4,29,30,29,27,15,30
30,31,6,30,31,30,28,30,31
31,32,3,31,32,31,29,31,32
32,33,3,32,33,32,30,32,33
33,34,8,33,34,33,31,33,34
34,35,4,34,35,28,32,34,35
35,36,8,35,36,34,33,35,36
24,37,7,35,37,35,8,36,37
36,38,1,8,38,36,34,37,38
37,39,8,15,16,37,35,38,39
38,40,2,36,39,38,36,39,40
39,41,8,30,40,39,37,40,41
40,42,6,37,41,40,38,41,17
41,43,8,38,42,41,39,42,42
42,44,6,28,43,42,40,43,7
43,45,6,39,44,43,41,44,43
44,46,7,2,45,44,42,45,12
45,47,8,40,46,45,43,46,44
46,48,1,7,47,46,44,47,45
47,49,6,41,48,47,8,48,46
48,50,2,42,49,48,45,49,47
49,18,1,7,47,49,8,50,48
50,51,8,42,50,50,46,51,49
51,52,1,43,51,51,47,52,50
52,53,1,44,52,52,48,53,50
53,54,3,24,53,53,49,41,51
21,55,6,3,54,54,50,54,52
54,56,8,25,55,55,51,55,53
55,57,4,45,56,56,52,56,54
56,58,10,46,57,57,53,57,55
57,59,9,10,58,58,54,58,56
58,60,10,17,59,59,55,59,57
59,61,2,17,60,60,56,60,58
60,62,5,42,61,61,57,61,59
61,63,5,47,62,62,58,62,60
62,64,4,29,30,63,59,63,61
63,65,6,4,63,64,41,64,28
64,66,4,4,64,36,34,41,51
65,67,1,41,65,65,30,65,62
28,68,7,25,66,66,24,66,63
66,69,7,48,67,67,60,67,64
67,70,9,49,68,68,61,68,65
68,71,4,30,69,69,62,69,66
69,72,2,40,25,70,63,70,67
70,73,7,9,9,71,64,71,68
71,74,4,19,70,72,65,39,40
72,75,8,50,71,73,66,72,69
73,76,7,51,72,74,67,73,70
74,28,6,35,73,75,68,74,71
75,53,4,1,74,76,35,75,72
76,77,10,52,75,77,69,76,73
77,78,8,53,76,78,70,77,74
78,79,2,50,77,79,71,78,75
79,80,3,54,78,80,72,79,76
80,81,3,35,79,81,73,80,77
81,82,1,55,80,82,74,81,78
82,83,9,56,81,83,75,82,79
83,84,10,57,82,84,76,83,80
84,85,7,58,83,85,77,84,81
85,86,7,59,84,86,78,85,82
86,87,3,43,23,87,79,86,83
87,88,1,9,85,88,80,87,84
88,74,7,60,86,55,69,88,85
53,28,2,12,87,89,58,89,86
89,89,3,61,88,90,81,90,87
90,90,8,62,89,91,82,84,81
91,91,7,63,90,92,83,91,88
92,92,6,24,91,93,84,92,89
93,93,5,64,92,94,85,93,90
94,94,3,65,93,95,86,60,91
95,95,7,2,45,96,87,94,92
64,96,4,50,94,97,88,64,28
56,97,2,40,25,98,48,95,93
96,98,4,7,95,99,89,96,94
97,99,8,66,96,100,90,97,31
98,100,8,67,97,101,91,98,95
99,45,2,68,98,102,92,99,96
9,101,10,28,99,55,93,100,97
100,102,8,42,50,34,94,101,18
101,103,6,58,100,103,95,102,98
102,104,4,57,101,104,96,103,99
103,105,1,69,102,105,97,104,100
104,106,8,36,103,106,98,105,101
105,107,6,70,104,107,99,58,100
106,108,8,71,105,108,100,106,102
33,109,5,8,106,109,101,107,103
107,110,2,5,107,110,102,108,104
108,111,9,49,68,111,103,109,30
109,112,8,72,108,112,104,110,3
110,98,10,14,96,113,105,111,105
111,113,5,21,22,114,106,112,106
112,114,10,54,109,115,107,113,107
113,79,4,11,110,48,108,114,108
114,115,3,36,54,116,109,115,43
115,59,7,70,111,117,62,116,109
116,116,1,73,36,118,110,117,110
117,117,2,63,112,119,111,118,7
118,118,7,66,113,120,112,119,111
119,45,4,13,114,121,113,120,112
120,119,9,74,115,122,114,121,113
68,120,3,75,116,123,105,122,114
121,121,9,22,117,124,115,123,115
122,122,6,29,28,54,50,124,116
123,123,8,76,118,125,116,125,117
76,124,5,10,16,126,117,126,50
124,7,7,77,119,18,17,127,118
125,125,5,2,120,127,118,128,119
126,126,2,54,121,128,72,129,120
127,127,7,67,122,129,119,130,121
58,128,1,10,123,130,120,131,122
128,129,10,25,124,131,121,132,123
129,130,9,63,125,132,122,133,124
130,131,2,6,126,133,123,16,16
131,132,4,25,26,134,10,134,125
132,133,5,78,127,135,124,135,126
133,134,5,43,84,136,125,136,127
134,135,6,79,128,137,126,137,128
135,136,10,80,129,138,127,138,129
136,137,10,52,75,139,128,139,130
137,138,10,81,76,140,129,140,131
138,139,2,66,130,141,130,141,132
139,140,7,40,131,142,131,76,73
140,27,4,82,132,143,132,142,133
141,141,8,21,133,144,35,143,134
142,104,5,51,134,145,133,144,135
143,142,3,83,135,118,110,145,136
38,143,4,57,101,146,134,146,137
144,144,8,44,136,147,135,147,138
145,94,8,74,137,148,56,148,139
146,145,5,84,75,149,136,149,140
147,146,4,27,138,150,137,150,141
148,147,6,20,139,29,27,151,142
149,148,8,26,140,151,138,152,143
150,149,7,25,66,152,139,153,144
151,103,9,54,141,153,140,154,145
152,150,9,85,142,154,38,155,146
153,151,5,86,143,155,141,100,97
154,152,2,71,144,156,142,35,36
34,153,4,85,145,157,143,156,147
155,154,2,87,55,158,144,157,148
156,155,9,47,139,159,145,158,149
157,156,3,24,53,160,146,159,150
104,79,9,54,141,161,147,160,151
124,157,1,1,1,162,148,161,152
158,158,5,49,146,40,38,36,153
159,32,2,38,147,163,140,162,154
160,159,3,51,148,82,74,163,155
161,72,6,49,149,164,21,164,156
162,160,6,85,150,165,149,104,157
163,161,2,88,151,166,32,165,158
39,162,9,15,152,167,92,166,159
164,163,4,20,153,168,150,167,12
165,164,1,87,154,149,136,168,160
166,165,4,6,72,169,151,169,161
167,166,3,15,155,170,152,170,162
168,167,9,2,156,171,153,171,163
169,95,4,77,53,172,23,172,161
170,168,2,89,157,173,154,173,164
171,169,10,67,107,174,155,174,165
172,170,8,90,158,175,48,175,166
173,171,1,46,159,176,156,176,71
174,172,1,66,160,177,157,177,167
175,173,9,3,100,178,105,178,168
76,174,6,91,161,179,158,179,163
176,175,2,36,39,180,83,180,169
177,176,8,92,162,181,159,131,170
178,104,10,93,163,182,160,181,171
179,177,2,38,147,183,161,182,44
73,178,2,41,164,169,151,183,172
180,179,9,87,165,184,162,184,173
181,172,10,50,31,185,163,45,12
182,41,8,60,166,186,164,185,174
183,82,2,9,167,187,165,149,140
184,180,6,71,168,188,166,186,175
185,181,4,94,169,189,167,187,176
186,182,6,30,170,190,168,188,17
187,183,1,47,116,76,35,139,177
99,184,9,35,171,191,169,189,178
188,185,1,92,172,192,170,36,108
189,178,2,13,173,193,171,190,179
190,186,9,51,174,131,121,56,180
191,187,6,68,175,194,172,191,181
192,188,3,68,176,195,173,192,182
193,189,2,27,177,196,174,193,183
194,190,2,41,164,197,175,194,184
195,29,9,1,178,198,176,195,185
196,52,2,4,179,164,21,196,86
197,191,7,37,180,104,177,197,186
198,192,7,51,72,199,13,198,187
199,193,6,82,181,200,178,199,188
200,194,6,4,63,201,179,200,189
195,195,9,35,171,202,62,201,190
201,196,7,92,182,203,180,202,191
202,197,10,81,183,204,132,203,192
203,198,7,31,184,145,133,204,94
204,199,5,18,185,205,181,76,73
205,163,4,53,186,206,182,117,110
7,200,4,94,169,40,38,205,193
36,201,2,95,29,207,183,206,194
206,10,7,96,187,208,184,207,195
207,202,10,97,188,209,185,208,90
208,203,2,59,176,210,186,209,18
209,60,10,53,189,211,187,210,144
28,124,4,98,190,212,188,211,196
210,204,7,78,191,96,87,212,197
211,60,5,99,192,213,178,213,198
212,205,3,100,193,214,39,214,199
213,206,3,71,194,215,120,215,48
214,207,7,101,195,211,187,216,200
215,208,4,17,3,216,189,217,201
216,75,9,74,115,217,190,218,202
217,209,5,51,134,218,105,219,203
218,210,2,91,196,78,70,220,204
219,211,6,23,197,179,158,221,30
220,212,5,98,84,219,32,199,48
38,213,1,102,198,220,191,222,205
221,214,6,57,199,221,192,223,206
222,60,5,32,121,222,193,224,207
210,215,10,74,200,223,131,225,208
95,216,9,101,201,224,110,226,133
223,54,3,17,202,45,194,227,9
224,217,5,95,203,225,195,228,33
225,218,8,103,204,226,196,229,209
226,219,6,54,205,103,95,230,210
205,220,1,99,206,139,128,231,126
227,221,9,104,207,227,197,232,211
78,222,2,95,29,228,198,219,16
68,223,10,61,208,229,199,23,212
228,104,9,105,209,71,140,84,81
229,224,4,53,186,29,27,233,213
230,225,1,46,159,230,200,98,95
231,226,7,70,111,231,201,234,46
232,227,9,21,210,171,153,235,214
233,228,5,74,211,232,202,34,215
234,229,10,4,212,233,8,236,216
231,230,9,106,9,234,203,49,67
235,150,7,80,213,235,204,237,217
236,231,10,30,214,236,205,238,218
237,232,1,34,14,237,79,239,219
215,208,1,100,215,238,127,240,220
238,233,1,43,51,239,206,241,221
9,234,6,23,197,240,207,155,146
239,235,3,72,216,241,130,242,222
240,173,2,1,217,242,208,243,223
241,236,3,104,186,243,209,244,224
242,237,8,17,218,244,210,245,225
243,238,9,39,219,245,211,13,210
152,239,6,20,139,11,58,246,226
244,240,3,4,4,246,129,247,227
245,241,6,9,220,247,153,248,228
246,242,3,65,93,248,212,249,58
247,243,10,31,82,249,213,250,229
164,129,2,78,36,250,214,251,26
248,244,8,10,10,251,215,252,230
206,245,10,72,221,132,122,216,200
249,246,3,107,129,252,108,253,231
250,247,4,65,222,253,216,254,232
251,248,10,68,223,81,73,149,140
114,42,1,108,224,234,203,255,233
216,136,4,64,225,34,186,256,234
252,249,6,8,8,254,217,257,235
253,250,3,7,226,255,217,258,236
254,251,5,103,227,256,218,259,237
255,60,1,71,228,257,219,81,78
256,252,2,45,229,258,220,260,238
257,253,8,64,207,259,133,116,109
60,254,8,71,105,136,221,261,239
258,10,7,100,230,260,34,262,240
259,255,9,45,231,261,79,263,58
196,256,4,47,66,262,222,264,241
34,241,3,109,101,183,161,265,242
260,257,9,86,232,259,133,23,23
261,258,7,84,233,263,223,266,243
262,259,6,4,63,264,224,267,244
263,260,5,8,106,209,225,268,245
264,261,4,48,234,265,79,269,246
265,262,4,17,3,43,226,167,95
266,263,8,19,20,266,227,270,64
253,264,2,71,52,267,228,271,247
267,265,4,16,235,268,62,272,95
155,266,10,74,200,269,229,273,248
268,267,9,66,236,270,230,274,249
269,135,6,28,43,271,231,275,250
46,48,8,15,16,272,232,276,251
270,268,6,46,111,273,218,172,161
38,269,7,58,83,274,224,277,252
271,270,9,83,237,275,224,3,3
49,10,5,49,146,276,233,278,253
272,110,10,88,238,277,234,279,254
273,266,3,97,239,64,235,280,255
38,271,2,88,151,65,30,150,256
274,272,10,47,30,278,236,40,257
275,273,1,59,240,260,237,247,258
276,274,9,110,14,279,238,139,130
88,165,10,101,183,280,239,281,259
277,275,3,46,241,67,60,247,227
278,276,9,16,242,254,217,94,92
279,277,1,51,80,281,240,282,260
280,278,7,28,243,282,241,283,261
64,113,8,80,34,283,127,138,262
281,279,5,66,186,284,242,284,263
282,280,6,50,244,285,82,139,130
283,56,8,22,245,286,243,285,264
284,179,9,53,246,16,16,286,215
285,281,1,71,247,287,244,40,86
180,282,8,99,248,288,77,250,265
144,283,6,110,249,71,64,287,266
286,284,1,81,250,5,5,288,141
287,285,1,37,157,192,170,289,267
288,177,2,37,83,289,245,290,268
278,286,1,105,251,290,246,291,269
289,287,1,65,252,22,21,292,270
290,177,5,66,186,291,247,293,271
291,288,1,50,253,292,248,176,272
292,252,3,35,79,293,249,294,273
293,289,1,19,214,229,199,295,229
294,116,5,57,20,294,250,296,231
295,290,10,45,254,295,251,56,116
184,170,3,2,255,296,110,204,94
296,117,9,21,210,297,252,297,126
297,291,2,91,196,160,146,298,274
298,32,3,27,227,298,253,299,275
31,292,1,61,256,53,49,300,276
276,293,4,71,257,299,254,262,185
299,294,5,111,19,128,72,232,211
300,20,10,78,258,300,255,156,277
280,295,2,55,259,301,256,216,200
301,296,1,43,51,301,257,301,142
60,297,5,111,19,202,62,129,120
302,298,8,45,260,302,117,302,104
260,299,8,78,261,303,258,110,3
289,300,3,59,229,304,8,27,44
303,299,7,35,37,305,259,303,278
304,301,5,107,213,306,24,288,141
305,302,9,59,262,307,185,304,279
306,303,2,52,263,8,8,305,280
307,71,8,87,264,308,260,10,10
25,304,4,35,265,309,135,306,260
22,305,3,73,266,223,131,307,281
180,306,10,94,267,310,56,217,201
38,307,10,112,268,11,11,269,246
308,308,9,35,171,311,261,308,248
309,181,9,65,269,272,232,27,282
310,135,8,99,248,312,104,224,283
311,309,10,34,211,313,262,309,259
312,235,3,105,270,314,263,310,82
313,20,2,10,271,315,264,311,186
314,310,7,11,272,316,265,312,284
315,311,8,88,30,317,266,313,285
316,312,8,111,36,318,232,56,180
317,220,6,42,273,319,174,314,286
318,313,2,35,113,159,145,136,127
319,209,1,46,159,223,131,315,287
320,314,7,25,66,320,267,316,288
321,315,10,61,208,321,197,82,289
322,81,10,112,268,322,268,284,290
323,178,3,103,15,15,15,317,268
324,270,4,69,274,158,144,318,107
325,98,4,12,206,323,269,319,291
318,316,3,39,15,324,224,320,292
135,317,6,58,100,325,270,321,293
326,318,10,12,275,326,271,6,294
327,319,4,41,276,206,182,322,295
328,320,7,83,277,327,272,44,43
329,321,1,26,15,328,273,323,296
39,322,3,111,278,329,274,324,297
99,67,6,84,279,318,232,260,298
330,271,10,41,280,330,275,325,299
165,323,3,7,226,331,276,326,300
331,324,3,13,281,332,277,48,46
332,325,7,84,233,333,278,87,84
333,326,9,56,81,334,198,327,165
334,327,9,71,282,335,279,328,301
335,75,5,3,266,199,13,329,39
336,328,5,14,15,336,280,330,302
337,329,3,107,129,337,281,310,303
193,208,8,22,245,276,233,179,304
338,330,4,3,283,107,282,331,305
339,331,2,20,210,338,283,332,118
98,332,5,4,284,339,127,333,306
340,333,5,60,192,340,284,334,175
285,334,1,98,285,341,285,76,73
341,325,7,95,36,89,58,215,48
267,274,8,33,286,342,168,335,307
64,128,3,92,225,343,286,336,30
342,335,10,46,57,344,287,337,308
148,336,5,4,284,303,258,338,309
343,54,6,1,287,133,224,339,310
344,337,10,68,223,100,90,200,189
345,338,10,75,288,39,37,340,311
346,104,7,39,289,158,144,310,312
347,300,3,6,290,345,288,192,313
348,339,5,113,102,346,289,341,314
349,54,10,58,291,347,290,273,248
257,340,6,88,292,79,71,226,133
350,341,10,7,28,348,291,342,206
351,342,1,53,40,349,193,140,131
352,343,8,101,293,350,292,343,315
353,344,2,99,294,351,293,240,316
354,345,9,71,295,352,294,344,317
355,346,10,57,82,353,295,345,140
356,4,5,47,62,106,98,346,188
357,347,7,103,296,354,296,347,318
358,348,5,13,297,355,35,348,319
359,107,4,75,268,55,69,349,320
360,349,5,35,298,309,297,248,228
361,350,2,81,299,356,298,91,88
362,351,9,45,231,349,193,350,321
127,248,5,82,300,188,166,351,322
20,352,1,17,53,357,299,309,259
363,353,2,15,301,358,204,352,323
364,79,5,71,302,242,208,18,181
309,354,1,77,45,323,269,353,324
233,355,4,32,303,359,300,353,324
365,356,1,26,15,360,35,354,97
26,32,4,29,30,115,301,355,325
366,318,5,16,304,361,229,298,254
367,357,8,39,305,362,302,356,326
368,259,2,86,306,363,303,152,143
369,185,9,72,128,364,304,357,327
370,358,1,28,307,153,140,358,328
371,113,1,74,50,365,305,359,329
158,359,5,89,255,366,306,324,113
372,146,7,104,210,367,307,360,330
373,6,5,25,308,368,308,361,331
374,360,7,109,309,369,309,73,332
375,356,8,71,310,370,310,362,333
315,361,6,30,31,307,311,363,334
209,52,2,69,311,150,312,40,335
376,362,1,79,312,34,313,162,336
377,7,7,83,277,109,101,364,337
81,363,8,75,313,371,314,161,152
378,104,7,39,289,221,192,162,336
379,200,4,106,314,372,315,365,338
256,77,3,34,315,373,316,40,339
77,364,3,1,316,85,77,78,75
380,365,2,87,55,99,89,366,340
381,366,7,111,317,215,120,367,341
68,185,7,11,272,235,317,368,65
382,367,1,109,318,305,62,369,342
64,368,1,65,252,374,318,370,343
340,246,9,9,14,125,116,371,56
158,369,4,35,265,375,319,280,317
276,370,5,70,319,376,320,35,36
383,141,7,51,72,377,123,372,344
384,371,3,40,14,34,33,373,238
385,95,8,51,320,378,79,374,345
386,372,5,45,321,379,321,303,278
387,79,3,81,92,380,322,248,228
388,373,10,76,112,381,212,226,133
389,374,4,79,322,211,187,375,257
390,375,8,51,320,382,262,376,346
391,376,5,10,16,273,218,377,347
392,377,5,37,244,383,323,378,30
393,378,6,6,56,384,79,127,118
394,108,3,38,323,385,262,379,348
320,379,1,96,324,48,324,380,349
395,380,1,27,220,386,52,381,350
396,381,8,9,28,374,318,382,351
397,329,9,16,325,387,3,117,110
398,382,9,4,178,388,158,383,352
127,383,3,34,315,389,325,345,353
399,384,7,53,326,390,244,384,354
400,215,2,82,327,301,161,385,355
401,385,1,65,252,337,281,385,355
77,212,3,54,78,339,127,124,356
402,386,4,57,101,387,3,256,234
109,387,8,43,328,391,160,386,357
403,15,3,87,329,392,75,387,358
253,61,5,15,330,393,326,388,359
404,388,10,111,240,258,220,389,360
405,389,1,97,331,244,210,390,361
406,390,4,71,332,394,327,362,333
407,391,7,99,191,395,150,3,253
187,392,2,88,151,396,130,108,362
173,393,4,37,333,397,39,391,363
408,394,8,64,207,398,214,392,364
73,76,7,114,334,351,293,393,365
409,13,10,6,105,399,251,236,366
410,206,10,23,335,346,289,303,278
411,395,3,87,329,400,328,394,367
46,48,2,36,39,60,56,395,153
412,289,9,100,336,370,310,396,368
413,396,6,24,91,401,82,74,369
414,397,6,112,337,402,263,91,370
415,398,3,73,266,403,329,397,327
218,399,10,31,82,404,284,398,132
416,400,10,18,338,187,165,153,144
188,401,9,101,201,376,320,399,318
417,24,9,95,310,177,157,91,371
314,402,3,106,339,405,330,400,372
418,382,1,70,340,181,159,139,177
419,403,9,30,341,327,120,401,373
420,404,3,18,342,406,331,402,374
124,405,1,107,343,122,114,200,189
421,138,9,48,293,399,251,57,55
422,24,10,69,19,388,158,403,375
423,406,2,20,210,88,80,20,20
424,407,9,45,231,407,332,404,26
425,408,1,28,307,408,333,405,376
426,71,3,20,344,171,153,406,187
427,178,2,2,2,409,334,260,298
428,171,9,65,269,410,335,407,377
429,409,10,51,125,31,29,408,378
355,410,5,54,345,411,336,284,379
430,411,2,71,143,91,82,236,216
349,412,4,12,206,412,337,409,22
431,242,3,25,346,8,338,410,380
432,413,10,52,75,90,339,411,381
433,167,10,76,112,381,212,412,382
434,414,3,107,129,271,231,413,383
140,110,9,54,141,413,340,414,158
435,208,1,25,347,414,64,415,252
436,415,4,26,70,415,341,416,384
353,327,3,102,191,245,211,417,385
274,416,4,19,70,416,342,399,318
437,417,5,113,102,27,25,312,74
335,203,2,1,217,301,343,56,323
438,130,1,75,133,417,101,418,386
239,375,8,109,348,418,344,419,387
206,197,6,69,349,419,345,420,388
439,93,8,11,350,420,346,421,389
440,418,4,28,351,250,214,422,141
441,227,6,115,352,421,347,423,390
442,419,7,104,210,419,345,424,391
442,420,8,27,28,404,284,425,80
443,79,8,95,348,422,348,215,48
444,10,3,32,353,257,283,426,392
445,421,4,14,354,423,349,427,393
446,162,5,43,84,424,39,125,117
447,422,5,49,146,261,79,428,394
448,10,9,45,231,425,350,429,395
286,284,5,96,355,303,258,430,396
436,415,5,50,356,426,351,431,19
449,423,1,88,357,427,352,375,257
450,424,7,88,190,157,143,64,397
92,268,10,9,358,428,9,432,398
110,425,5,89,255,333,278,433,399
451,114,8,100,147,429,353,22,400
452,426,2,26,359,430,354,7,401
453,427,9,105,209,278,236,434,192
454,428,2,8,139,25,24,231,402
362,102,7,77,119,48,322,256,234
455,429,8,59,360,15,15,435,59
245,430,2,48,361,165,149,436,403
8,67,9,22,117,431,154,437,376
456,413,6,9,220,432,355,438,404
34,68,7,13,362,70,356,439,405
457,207,8,16,363,66,24,123,115
458,255,6,29,28,48,357,440,406
459,431,10,89,48,433,348,441,199
460,432,7,75,364,30,149,442,407
461,433,3,113,365,328,273,443,132
175,434,3,85,196,292,248,444,408
39,435,5,41,366,434,358,33,34
288,436,4,78,367,147,135,445,409
462,437,6,31,74,435,359,446,410
38,438,8,85,368,272,232,447,187
463,439,7,58,83,436,360,162,336
259,53,8,33,286,167,92,154,145
464,39,1,33,369,437,361,40,411
465,440,5,6,6,438,362,448,231
466,418,3,111,278,70,356,425,412
467,405,6,31,74,439,363,66,413
468,211,7,31,184,2,2,449,18
469,42,7,33,370,440,364,450,414
470,441,9,56,81,441,365,451,415
471,442,4,56,371,442,2,452,257
472,319,8,11,350,45,194,453,21
61,443,9,89,245,92,83,386,357
473,326,8,83,372,443,366,454,416
49,444,6,70,104,118,110,400,372
327,445,6,59,373,444,367,455,333
180,412,4,89,374,445,368,456,417
474,423,7,106,375,446,267,21,21
475,70,3,46,241,92,83,307,195
476,172,1,68,36,447,369,457,262
477,254,9,34,376,448,370,458,418
478,446,4,116,228,449,371,459,419
479,72,2,99,294,450,372,460,420
480,447,10,100,29,215,120,461,421
481,148,7,3,29,79,71,462,173
482,448,8,11,350,203,180,463,422
39,449,8,24,234,436,360,464,423
483,450,8,36,103,451,373,465,424
204,7,7,112,377,200,178,466,425
484,451,8,19,20,88,80,228,33
4,452,6,96,378,452,262,342,206
204,151,6,51,56,453,374,467,407
99,453,3,27,227,454,375,430,396
485,141,5,29,296,455,376,149,232
486,454,4,66,68,89,58,127,243
487,7,6,13,208,456,359,347,318
175,162,7,65,379,457,43,224,326
64,455,9,63,125,458,21,286,215
281,238,3,81,92,144,35,468,426
488,456,3,97,239,459,377,468,426
489,457,2,38,147,460,35,56,427
211,95,9,31,380,214,378,239,219
288,458,8,3,374,144,35,32,263
490,440,2,79,85,461,321,469,428
491,459,1,101,381,462,309,470,429
492,460,9,34,376,463,379,118,7
488,297,5,49,146,464,380,133,124
493,155,2,110,382,465,145,471,430
486,111,7,62,383,209,225,472,431
226,461,3,80,320,466,381,473,432
494,190,2,30,370,467,382,474,433
495,377,3,55,299,410,335,56,434
496,462,5,84,75,468,383,384,354
15,276,8,115,384,34,384,475,435
105,463,9,72,128,469,385,476,12
497,464,8,53,76,470,386,477,44
352,70,5,102,358,471,58,370,343
257,374,9,51,174,472,387,68,436
154,465,9,81,385,141,130,478,437
498,466,10,70,386,473,107,130,121
499,21,6,108,168,55,51,479,438
500,467,1,112,387,474,133,480,439
44,4,1,15,359,134,10,481,168
257,233,2,84,388,475,388,482,440
300,7,10,97,188,476,389,483,441
501,468,1,10,123,216,154,484,442
39,169,10,59,340,477,71,485,443
148,469,8,108,389,478,390,484,442
502,255,1,51,80,307,311,322,295
503,470,9,30,319,211,187,84,81
240,471,3,75,116,350,292,156,277
504,466,2,78,36,168,150,486,444
505,472,9,67,390,479,391,109,30
506,185,8,5,391,480,55,345,33
340,138,1,13,189,481,392,487,171
70,473,10,89,48,139,128,156,277
507,474,9,42,9,482,320,488,445
272,475,8,53,76,354,296,5,402
287,238,5,87,392,483,393,352,323
508,476,3,22,84,484,82,489,446
5,477,5,67,304,371,314,231,447
306,478,6,98,19,306,24,490,228
88,479,10,70,386,463,379,491,61
509,453,1,22,393,485,394,118,448
510,480,7,52,394,475,388,182,449
171,481,7,67,122,486,395,492,6
511,482,8,106,395,160,146,493,450
512,271,4,96,396,487,396,247,227
93,483,6,107,397,488,338,494,451
429,104,8,13,398,489,397,495,452
513,7,10,92,399,490,398,424,49
514,168,9,38,114,392,392,374,453
515,137,6,30,170,491,110,496,16
175,249,5,7,356,492,14,58,56
516,484,10,45,254,493,58,497,278
55,412,2,75,400,494,41,498,454
306,485,2,65,231,495,399,499,455
265,49,9,36,401,496,400,500,456
508,4,5,23,402,497,127,501,457
67,381,1,22,393,498,190,220,137
24,405,7,63,90,499,150,502,34
517,486,9,5,403,292,248,175,458
363,487,10,77,404,157,143,186,64
479,488,7,32,405,500,401,503,312
518,489,5,87,392,393,326,180,459
359,481,7,73,406,151,138,504,202
257,490,4,79,322,501,402,428,460
519,491,5,71,407,502,339,24,24
377,453,4,109,408,503,219,139,461
232,492,3,69,367,286,243,469,428
520,493,2,8,139,504,403,107,201
521,494,4,113,91,505,404,505,125
522,269,1,43,51,189,167,506,82
523,495,10,37,129,506,161,249,462
524,496,4,47,66,187,165,507,463
32,350,1,105,251,294,250,508,464
525,497,7,32,405,507,351,475,435
139,442,4,7,95,133,123,509,213
526,498,9,78,409,477,405,510,369
375,58,3,59,229,369,309,2,410
527,298,2,63,112,508,406,171,163
528,499,10,38,410,509,407,490,228
529,51,8,98,411,317,266,511,465
498,500,2,66,130,510,408,359,329
530,186,1,100,215,511,409,202,191
418,501,2,92,412,122,114,497,278
85,405,3,67,413,55,93,512,466
531,502,5,20,414,399,251,136,467
532,503,4,85,145,512,49,513,455
533,504,4,13,114,513,410,514,468
304,505,6,2,415,514,275,118,469
451,318,2,4,179,515,84,107,470
534,506,1,39,416,274,224,515,432
478,10,10,35,417,516,411,46,471
535,20,2,24,418,327,412,516,472
536,507,7,84,233,517,84,274,473
537,445,2,30,419,160,146,278,253
538,508,7,112,377,518,413,9,474
539,509,9,104,207,519,414,517,475
540,269,1,115,161,256,218,77,447
471,510,1,47,116,520,415,277,252
16,17,4,65,222,136,123,518,476
284,511,8,79,325,521,174,432,398
251,198,2,102,41,522,216,519,477
541,100,4,35,265,73,66,477,478
542,512,7,19,267,523,204,270,64
381,10,3,64,420,524,310,520,479
543,513,9,68,421,434,358,521,95
544,257,4,110,422,525,416,522,480
545,294,10,106,423,526,417,139,39
415,514,7,86,286,527,374,523,95
546,240,9,81,385,528,418,524,65
547,213,10,45,254,472,387,525,481
548,515,4,52,424,111,103,89,86
462,54,8,93,425,529,419,139,482
11,27,3,84,309,326,271,418,483
549,54,10,35,417,530,420,373,484
121,98,2,97,363,531,421,526,485
294,312,7,12,346,453,374,521,95
263,516,5,62,131,532,404,402,374
550,183,6,55,426,533,422,319,486
551,321,5,92,122,107,282,352,487
161,456,3,85,196,534,423,527,488
552,517,6,3,11,535,424,528,489
553,374,6,69,349,536,425,187,176
252,518,1,94,15,537,165,529,65
350,519,9,67,390,56,52,210,144
554,520,9,92,427,327,209,530,105
192,521,7,18,428,199,13,421,38
441,522,7,61,429,378,79,531,490
555,236,9,4,178,538,426,532,491
556,523,8,62,89,539,206,224,317
242,524,8,90,158,540,32,533,282
557,525,6,111,358,541,427,534,492
319,526,1,14,430,542,103,512,466
155,196,7,41,431,263,223,222,493
60,527,8,57,44,268,62,110,494
558,528,4,80,432,543,428,90,87
559,529,3,43,23,201,179,535,129
560,273,8,35,36,544,429,536,495
561,413,8,104,433,545,357,49,47
562,419,5,96,355,546,430,537,496
547,530,6,54,205,547,431,538,497
303,531,7,104,210,548,432,539,352
376,56,6,31,74,549,136,217,201
563,532,10,71,434,389,325,540,226
564,223,1,116,435,494,41,541,498
416,533,5,110,436,207,183,374,499
565,276,3,113,365,550,433,542,400
208,6,1,105,251,551,145,543,379
566,534,10,4,212,156,142,5,500
142,108,8,91,437,229,199,457,501
567,266,1,91,438,486,395,544,502
318,535,8,74,137,379,434,127,162
76,536,10,57,82,552,435,545,503
437,537,5,31,439,360,35,546,504
332,538,10,29,440,260,436,418,3
180,539,6,82,181,154,38,438,404
375,108,9,33,425,278,236,294,273
568,390,9,24,15,34,437,40,335
331,53,3,2,255,553,434,453,21
155,181,7,68,254,237,79,547,117
569,540,5,100,441,159,145,207,505
570,366,4,35,265,498,190,548,506
571,541,4,73,442,353,295,549,443
508,488,2,53,8,554,438,33,34
15,79,1,71,247,478,390,293,271
356,542,4,101,443,392,439,19,507
572,224,2,101,444,555,440,6,6
571,254,10,33,445,217,441,550,508
573,543,10,46,57,556,442,551,509
574,544,8,69,446,557,443,341,314
442,7,8,30,40,228,198,225,208
575,545,7,82,447,558,444,552,510
576,229,1,23,205,220,191,112,243
381,546,9,114,387,559,445,98,95
349,378,2,87,55,52,48,553,511
500,547,3,110,361,506,161,554,512
577,548,9,23,448,560,446,228,33
508,549,4,67,449,561,181,161,152
578,361,7,22,433,82,74,555,513
9,550,9,63,125,562,447,556,514
64,551,2,105,231,563,315,106,102
145,552,5,14,15,111,103,557,391
320,553,5,19,330,564,448,224,404
57,409,1,69,102,55,449,47,45
518,106,5,26,450,74,67,29,29
579,554,1,34,14,565,450,123,115
580,555,7,35,37,136,451,558,93
581,556,3,102,191,228,198,559,332
582,557,10,86,417,22,21,322,295
583,241,8,78,261,566,452,404,26
345,455,3,59,229,567,2,560,168
501,529,7,17,302,568,296,561,410
584,337,5,106,42,170,152,562,515
276,558,3,27,227,165,149,322,295
585,81,8,50,71,134,10,563,471
289,399,9,60,242,165,149,491,516
160,142,3,91,366,569,331,56,180
363,188,2,66,130,13,13,312,463
586,559,10,17,59,213,178,445,409
48,487,9,29,188,221,192,127,517
587,560,6,68,175,387,3,120,513
588,514,8,3,374,570,357,84,81
460,561,2,116,451,571,453,538,173
589,210,9,71,282,572,68,523,95
590,562,2,10,271,573,262,494,451
220,339,3,109,101,133,454,564,518
591,158,2,33,429,574,330,286,215
99,563,4,113,91,575,455,359,329
592,564,2,92,412,209,225,446,410
468,294,3,107,129,388,456,133,124
593,565,4,90,174,392,392,565,519
594,408,6,5,452,576,367,508,464
595,566,3,93,217,529,419,481,168
596,450,9,103,288,215,120,566,67
109,7,4,44,453,294,250,567,39
597,567,10,69,19,449,371,568,520
39,52,5,11,454,577,58,556,514
68,272,10,95,455,218,329,569,133
598,475,4,23,369,301,161,570,521
102,56,8,23,456,305,457,571,109
599,568,2,74,457,209,185,572,522
58,569,1,15,359,234,203,573,523
391,40,10,81,76,129,119,459,105
469,570,5,95,203,578,234,214,524
526,428,8,92,162,579,168,117,110
600,571,4,54,458,580,458,574,343
365,572,4,97,37,345,288,575,525
44,573,5,76,122,581,459,576,390
601,459,6,34,348,455,376,577,526
602,300,1,15,359,389,325,578,527
349,574,7,105,459,582,327,579,528
603,131,1,38,460,541,427,416,384
145,575,4,108,160,583,284,580,529
436,222,6,55,426,489,397,133,124
10,576,4,113,91,584,174,581,492
289,577,9,83,237,100,90,361,300
604,578,2,14,461,585,460,582,530
139,579,5,95,179,586,461,446,410
138,580,1,61,256,587,131,33,34
222,581,3,67,413,387,3,40,339
489,65,1,50,253,217,462,583,531
233,397,3,89,462,588,463,584,532
276,203,8,5,391,589,464,498,531
605,582,2,81,299,590,304,313,533
606,583,10,85,31,31,29,585,534
431,584,10,89,48,490,398,219,96
407,585,2,42,111,170,152,586,284
607,586,5,21,22,591,465,587,535
608,587,4,110,422,592,466,588,536
19,588,1,91,438,593,388,55,53
544,589,9,45,231,594,467,589,130
77,206,9,107,463,595,199,590,95
609,590,3,64,420,48,468,591,234
124,591,5,50,356,596,469,592,11
126,592,7,3,29,216,470,593,537
376,593,3,48,422,597,471,336,30
44,594,3,35,113,598,472,49,47
610,595,5,110,436,522,216,594,538
611,129,4,71,257,53,49,595,406
612,195,6,85,150,122,114,219,16
613,257,10,40,464,309,447,348,539
524,596,6,100,245,510,408,179,540
614,597,6,13,208,545,473,596,93
615,598,9,24,15,70,63,597,317
616,224,8,94,36,405,330,598,317
290,599,3,31,32,131,474,512,541
617,287,9,23,465,528,418,85,391
23,600,3,58,466,41,475,410,542
618,601,4,62,418,17,17,599,543
207,602,9,45,467,7,7,85,82
81,79,5,71,302,230,200,600,544
619,603,7,2,45,599,280,344,317
620,65,3,56,190,397,39,601,205
554,7,6,19,468,8,8,602,44
621,604,7,106,106,335,279,29,29
363,115,2,67,469,600,476,293,271
622,64,8,7,470,601,477,91,545
623,605,1,9,85,533,422,39,40
509,606,2,29,67,457,43,463,198
267,229,9,15,152,25,24,603,521
34,104,5,59,471,602,478,604,546
335,607,1,23,472,80,72,605,547
624,431,4,98,190,603,244,175,166
625,59,7,25,66,604,329,462,520
60,358,2,31,390,254,58,606,548
626,608,10,33,445,250,214,607,549
480,330,9,112,433,605,479,173,406
627,351,10,75,288,164,21,418,235
628,143,9,94,473,606,480,608,550
217,609,5,97,474,607,481,481,551
99,610,3,85,196,608,271,609,391
629,611,5,39,426,609,482,610,145
39,612,7,11,272,610,483,511,552
626,613,1,21,172,611,484,611,253
624,322,4,21,142,42,40,311,186
130,614,1,16,256,407,332,595,406
154,615,7,59,84,612,485,612,553
630,616,8,32,33,613,486,613,554
631,36,1,30,475,614,116,468,555
632,104,7,49,193,615,8,367,341
633,617,1,101,381,616,487,614,556
398,618,8,31,299,617,488,335,307
634,619,9,29,188,67,60,615,557
635,412,9,93,76,284,242,616,558
636,248,6,1,287,193,171,617,559
166,340,2,39,476,618,489,343,560
450,82,10,59,340,146,134,362,333
67,620,1,102,198,312,104,149,58
637,621,3,24,53,237,79,240,316
638,461,10,115,477,619,101,125,117
639,622,2,100,36,259,133,432,398
71,110,4,96,396,457,43,618,69
422,24,2,58,309,425,350,276,251
289,329,4,110,422,620,490,619,561
640,406,7,34,462,309,135,13,11
85,623,2,26,359,621,412,546,504
387,38,1,46,159,67,60,564,562
641,11,8,29,174,622,427,100,97
642,291,5,10,16,106,98,620,531
108,624,4,19,70,20,19,621,187
643,625,9,90,420,623,26,622,120
644,626,1,30,446,93,84,526,485
289,567,7,18,428,624,491,318,563
645,412,3,71,298,625,157,349,320
4,217,7,5,123,626,492,54,52
535,627,10,110,478,627,134,72,69
350,628,4,89,374,55,493,623,564
417,256,9,45,231,397,39,624,493
58,629,10,43,110,628,315,431,19
65,205,1,86,479,629,494,625,565
112,630,5,6,6,18,48,19,566
646,151,7,11,272,149,136,581,567
489,209,4,45,56,630,443,358,568
247,419,8,72,108,631,495,418,304
291,123,7,11,272,632,469,319,569
417,631,4,102,2,246,129,626,462
149,632,2,111,480,606,480,94,570
212,449,3,36,54,633,496,627,571
64,308,1,54,481,563,315,576,390
467,297,7,40,131,634,497,49,47
647,159,1,116,435,56,52,628,105
648,58,1,46,159,16,16,136,127
649,596,3,95,314,295,251,485,21
503,571,4,60,482,635,498,629,572
274,272,6,49,164,636,280,240,573
650,351,7,18,428,77,69,554,480
651,270,6,98,19,637,499,97,574
652,633,1,72,483,176,156,630,575
280,634,4,59,484,638,262,516,472
65,301,1,112,387,103,185,631,497
653,635,6,2,415,639,398,632,576
163,636,3,67,413,640,421,633,577
77,351,8,37,485,641,500,393,365
55,187,10,82,222,346,289,634,578
654,637,7,6,199,642,501,247,579
655,638,6,74,62,643,502,164,156
329,198,10,10,213,307,311,635,536
656,429,9,52,289,644,503,549,443
657,639,6,24,91,645,399,562,515
491,152,7,21,151,646,480,636,580
420,63,8,90,158,186,164,627,571
360,452,6,48,486,647,174,637,581
658,356,8,18,431,648,504,638,582
276,194,7,25,66,649,128,4,4
109,438,6,91,161,650,505,639,583
659,142,8,26,140,651,506,550,584
660,416,9,90,420,652,68,640,537
265,440,9,36,401,434,358,197,186
262,616,8,93,425,259,244,641,585
661,170,3,107,129,653,474,642,586
553,640,1,56,487,654,31,643,37
662,464,3,55,299,19,18,644,587
