1,1,1,1,1,1,1,1,1,1
2,2,2,1,2,2,2,2,2,2
3,3,2,2,3,3,3,3,3,3
4,4,2,3,3,4,4,4,4,4
5,5,3,2,4,5,5,5,5,5
6,6,3,3,4,6,6,6,6,6
7,7,3,1,4,7,7,7,7,7
8,8,3,3,1,8,8,8,8,8
9,9,1,3,4,9,9,9,9,9
9,10,4,2,2,10,10,10,10,10
10,11,5,2,4,11,11,11,11,11
2,12,4,2,2,12,12,12,12,12
11,13,1,4,3,13,13,13,13,13
6,14,1,2,4,14,14,14,14,14
12,15,2,3,3,15,15,15,7,7
13,16,1,4,2,16,16,16,15,15
14,17,2,1,4,17,17,17,16,16
15,5,6,1,1,18,18,18,17,17
16,18,6,2,2,16,19,19,18,18
17,19,3,3,4,19,20,20,19,19
16,20,4,4,4,20,8,8,20,20
18,21,3,4,2,21,21,7,21,21
19,22,2,4,1,22,21,21,22,22
20,23,4,4,4,23,22,22,23,9
1,24,4,1,3,10,23,23,24,23
21,25,1,1,1,19,6,6,25,24
22,26,2,4,3,24,24,24,26,25
23,27,2,1,1,25,13,13,27,26
24,28,3,1,4,13,25,14,28,17
7,29,3,1,3,5,26,25,29,27
25,30,5,4,3,26,3,3,6,6
26,31,6,3,4,9,27,26,15,15
27,32,1,3,1,27,28,27,30,28
7,33,3,2,4,28,29,3,31,29
28,34,2,4,1,26,30,17,32,30
29,7,2,2,4,29,31,28,33,31
16,35,5,2,3,30,32,29,34,29
5,12,2,2,2,23,33,30,13,13
30,36,2,4,4,31,34,31,35,3
31,37,5,4,4,32,35,32,36,32
18,38,6,3,1,26,36,33,11,11
32,39,4,2,3,33,37,34,37,33
33,40,1,1,2,34,38,35,38,22
34,41,3,4,3,14,39,36,35,3
23,42,6,3,1,35,8,8,38,22
26,19,1,2,2,36,40,37,39,20
35,33,5,4,1,25,19,19,40,34
36,12,2,1,1,25,10,10,41,35
4,11,2,3,2,9,41,25,42,36
37,43,2,4,4,33,42,38,43,37
38,44,5,3,1,37,14,14,44,38
39,45,4,4,3,38,43,39,45,39
40,11,6,1,2,10,44,40,46,20
41,46,4,4,2,39,21,7,9,9
42,47,6,2,1,40,45,41,47,40
43,48,5,3,2,41,46,42,12,12
38,49,2,4,4,38,47,43,48,41
12,50,1,4,4,42,27,26,49,42
8,51,4,4,1,43,48,16,50,40
44,13,1,2,3,44,49,44,20,20
45,52,1,1,1,4,50,9,51,12
46,53,6,2,1,45,51,45,52,10
6,54,1,3,3,27,22,22,53,43
47,35,6,2,3,46,52,46,54,44
48,1,6,2,4,18,53,28,14,14
49,3,2,4,3,47,33,30,47,40
48,12,3,3,2,9,52,46,47,40
41,17,2,4,1,48,2,2,33,31
22,55,1,3,3,6,1,1,55,9
50,56,2,2,3,3,28,27,56,45
51,35,2,3,4,49,13,13,40,34
52,57,6,1,4,5,54,42,57,46
47,31,3,3,1,30,55,34,58,47
51,58,2,1,1,25,45,41,34,29
51,59,4,1,3,20,56,1,59,48
33,60,6,1,2,50,57,47,54,44
53,52,1,2,3,37,32,29,18,18
27,55,3,3,4,6,26,25,60,8
54,61,1,1,2,51,58,48,61,49
45,62,1,3,2,52,59,47,62,50
55,63,3,3,1,30,5,5,63,51
56,36,2,2,2,40,60,49,64,31
49,52,1,4,2,53,33,30,27,26
20,61,6,3,1,9,28,27,35,3
8,54,1,4,3,1,12,12,65,6
53,64,2,1,4,54,61,50,4,4
57,65,1,4,3,32,17,5,66,27
58,60,4,1,4,8,62,43,67,52
59,36,5,3,2,55,26,25,23,9
26,13,4,3,1,42,63,36,57,46
14,66,3,1,1,56,20,20,1,1
59,67,2,1,3,57,48,16,68,40
10,68,4,2,4,35,64,32,36,32
60,69,6,1,4,58,32,29,9,9
4,70,5,1,4,59,65,33,69,53
61,48,4,3,3,58,17,5,1,1
8,39,3,2,2,60,46,32,54,36
62,53,3,2,4,40,40,37,70,54
47,42,1,2,1,19,17,5,66,27
34,65,2,3,4,61,66,51,54,44
56,61,1,4,4,19,64,32,71,55
10,71,5,4,2,22,57,47,72,19
63,59,2,2,3,50,52,46,73,56
51,70,1,2,1,45,67,52,74,57
6,72,6,1,3,33,68,5,75,58
64,36,3,4,2,62,69,53,76,42
29,73,5,2,2,63,70,34,77,59
48,20,2,1,4,64,11,11,41,39
19,74,1,2,1,32,71,54,29,27
65,18,1,2,1,65,59,47,78,47
66,75,1,4,2,57,59,47,59,48
25,70,2,2,3,66,64,55,79,51
67,76,2,4,2,67,72,56,80,2
68,77,5,3,2,7,12,12,67,52
69,78,4,2,2,17,20,20,2,2
54,47,5,3,1,49,61,50,24,23
55,62,4,2,3,68,73,57,35,3
70,79,4,3,2,69,74,58,70,54
10,74,4,4,2,23,64,32,81,60
14,44,4,1,2,36,75,59,77,59
71,58,6,1,1,6,76,60,82,7
45,80,4,3,2,39,23,23,13,13
71,81,2,3,4,70,33,30,83,22
66,50,3,2,4,71,21,21,33,31
59,16,5,3,4,72,77,61,28,17
34,64,4,3,4,73,73,57,11,11
33,75,4,3,4,74,11,11,55,9
72,30,4,1,4,59,78,62,84,61
40,17,5,4,2,43,14,14,58,47
73,48,4,4,2,12,64,32,41,35
74,82,5,4,3,75,12,12,50,40
56,70,5,2,1,37,39,36,38,22
75,16,3,2,2,30,50,9,59,48
56,83,2,1,2,26,8,8,82,7
76,17,5,1,1,76,79,63,85,39
56,45,5,2,4,12,80,64,57,46
77,7,5,1,4,47,81,38,86,6
78,40,3,3,2,5,65,33,26,25
79,84,2,4,1,10,59,47,87,2
67,8,1,4,1,69,30,17,47,40
8,85,4,4,4,35,14,14,14,14
9,86,2,4,1,76,12,12,87,2
80,87,6,3,2,12,68,5,88,62
14,88,5,4,4,53,82,45,50,40
67,23,4,3,4,74,36,33,89,63
19,89,2,1,2,56,83,10,90,19
80,90,1,4,3,32,63,36,12,12
81,91,1,1,1,77,84,65,87,2
66,12,2,3,1,78,85,66,45,39
82,92,4,1,3,58,26,25,91,64
83,58,4,1,2,72,86,67,92,65
26,93,1,1,4,5,87,68,66,27
8,94,2,2,2,32,88,38,86,6
35,53,3,3,4,46,89,63,93,66
52,95,4,2,4,39,21,21,76,42
84,77,3,1,2,23,42,38,94,67
3,74,4,2,2,1,13,13,95,68
63,50,3,4,4,53,33,21,96,69
49,2,3,4,2,28,81,38,26,25
71,58,3,1,3,20,90,69,97,70
27,44,1,4,4,42,62,43,58,47
71,43,6,1,2,30,91,46,26,25
33,74,3,2,1,42,92,70,88,62
28,56,6,3,4,45,89,63,7,7
19,96,4,2,3,26,93,5,98,58
85,63,5,3,2,21,89,63,35,3
86,92,1,4,4,42,61,50,81,60
28,62,6,4,3,46,49,44,21,21
86,81,3,3,1,7,24,24,17,17
19,53,3,4,4,5,2,2,11,11
87,6,1,2,3,51,45,41,19,19
86,97,6,1,2,17,65,33,99,71
69,12,4,4,1,12,82,45,21,21
10,14,2,4,4,70,8,8,70,54
36,98,2,3,4,24,23,23,1,1
88,79,1,4,4,42,36,33,92,65
89,6,5,4,3,55,90,69,73,56
50,1,3,4,2,73,74,58,63,51
64,12,4,1,1,10,57,47,65,6
6,99,3,1,2,74,94,71,40,34
90,62,4,4,2,42,57,47,95,68
91,5,1,3,1,79,9,9,81,60
10,88,2,4,2,63,79,63,81,60
7,29,3,3,1,12,95,72,53,43
46,91,5,3,1,67,44,32,33,31
29,55,2,3,3,80,5,5,54,44
62,7,4,1,3,18,43,39,48,41
1,51,2,3,2,81,76,60,2,2
57,77,3,1,4,13,16,16,26,25
29,51,1,4,1,60,41,25,48,41
11,14,2,3,1,41,47,43,72,19
48,1,1,3,4,22,28,27,100,9
11,58,1,2,1,81,85,66,92,65
70,60,2,3,1,8,96,36,100,9
72,20,6,2,1,45,46,32,29,27
42,32,6,3,2,82,40,37,24,23
92,19,1,4,1,29,97,2,4,4
3,90,3,2,4,56,19,19,42,36
75,63,2,3,1,12,98,73,97,70
62,7,3,3,1,10,24,24,65,6
33,82,3,2,4,61,82,45,36,32
93,24,2,3,1,69,57,47,37,33
60,100,5,3,4,83,65,33,100,9
22,37,1,3,4,81,21,7,29,27
48,23,5,1,1,84,34,31,82,7
90,54,3,3,3,9,8,8,91,64
86,84,6,1,3,67,61,50,61,49
49,101,6,2,2,49,47,43,32,30
85,31,2,4,3,3,14,14,54,44
94,49,6,2,4,71,45,41,101,72
35,102,3,2,3,5,50,9,95,68
95,103,5,2,3,1,73,57,4,4
26,104,6,1,2,71,6,6,19,19
92,31,5,4,2,76,16,16,52,10
58,91,6,1,2,24,62,43,6,6
19,91,6,2,4,42,19,19,8,8
54,63,6,1,4,51,42,38,76,42
47,48,6,3,3,25,99,74,8,8
81,99,6,3,4,5,99,74,59,48
71,25,2,1,4,54,98,73,4,4
42,47,4,1,2,32,54,42,53,43
96,65,3,2,1,57,11,11,24,23
97,44,6,1,4,58,100,68,41,35
98,105,5,3,4,85,11,11,31,29
39,8,3,1,1,43,46,32,25,24
41,58,4,2,4,43,37,34,39,20
92,104,4,3,3,23,64,55,74,57
19,14,6,3,1,86,60,49,5,5
43,5,3,1,1,14,73,57,77,59
33,89,2,3,2,69,58,48,33,31
46,106,6,2,1,66,71,54,29,27
79,60,4,4,4,56,101,75,23,9
37,58,6,4,1,46,95,72,55,9
99,45,2,1,4,40,72,56,102,67
56,44,2,2,2,49,70,34,44,38
78,104,2,3,3,85,9,9,7,7
42,60,3,3,1,14,34,31,1,1
95,63,4,2,3,33,102,61,89,63
16,21,4,2,1,45,15,15,88,62
44,76,2,1,1,29,21,21,103,73
66,19,2,2,4,12,77,61,32,30
97,86,2,1,2,49,70,34,6,6
8,50,4,4,3,39,97,2,67,52
4,21,2,3,3,31,26,25,66,27
100,56,3,3,4,9,96,36,74,57
84,53,5,4,2,6,102,61,97,70
36,107,5,2,1,64,103,16,61,49
28,69,1,3,2,51,92,35,12,12
72,50,2,1,1,39,64,55,55,9
15,89,5,1,3,29,10,10,84,61
81,50,1,1,1,79,63,36,51,12
96,15,2,3,4,47,20,20,104,22
101,12,3,4,2,28,31,28,105,18
32,42,5,1,2,47,56,1,42,36
21,22,5,4,4,53,79,63,100,9
29,104,4,4,1,68,28,27,3,3
47,34,1,2,4,13,6,6,32,30
91,11,3,1,1,87,104,23,105,18
44,108,4,1,3,23,59,47,64,31
43,86,6,4,2,19,47,43,8,8
64,77,2,2,2,40,89,63,98,22
102,87,6,4,1,23,58,48,33,31
40,85,2,4,2,61,32,29,26,25
98,109,6,1,1,36,100,68,75,58
10,75,5,1,3,72,20,20,106,49
9,70,4,2,1,17,82,45,71,55
3,108,1,3,2,80,2,2,30,28
17,9,5,4,1,12,73,57,91,64
85,87,1,2,1,67,41,25,69,53
1,1,4,4,2,56,13,13,107,13
54,74,3,4,1,54,50,9,105,18
77,7,5,3,2,61,85,66,31,29
38,64,5,2,4,70,80,64,79,51
2,7,5,4,1,86,73,57,2,2
80,27,1,2,3,21,38,35,100,9
103,21,2,4,3,36,64,55,65,6
44,14,4,1,1,77,32,29,101,72
91,60,5,1,1,41,54,42,55,9
27,84,4,3,4,13,89,63,31,29
59,58,4,3,3,18,23,23,82,7
49,91,4,3,4,56,77,61,63,51
34,101,4,4,2,45,58,48,82,7
38,94,4,3,4,88,94,71,38,22
80,49,1,2,2,39,70,34,108,74
22,80,5,4,3,34,105,31,70,54
57,84,6,4,3,30,100,68,50,40
44,107,3,1,4,36,57,47,109,43
70,25,2,1,1,87,75,59,46,20
51,45,3,3,2,59,35,32,76,42
83,18,2,3,4,49,23,23,89,63
98,68,5,2,1,69,1,1,74,57
60,73,2,3,4,61,106,5,66,27
77,83,1,2,2,77,21,7,28,17
29,13,4,2,1,41,29,3,41,35
104,12,4,2,4,12,107,32,55,9
77,7,4,1,3,42,102,61,70,54
40,50,3,4,2,89,18,18,18,18
89,72,1,2,1,68,90,69,76,15
64,50,6,3,4,45,63,36,68,40
37,59,4,4,3,80,51,45,58,47
87,10,3,2,2,60,77,61,12,12
105,102,6,4,2,87,20,20,46,20
44,110,1,4,1,37,67,52,109,43
66,7,4,2,1,83,10,10,3,3
25,12,1,4,2,58,50,9,110,64
62,100,3,3,1,70,18,18,13,13
9,79,1,1,4,10,25,14,63,51
72,30,6,4,3,33,60,49,21,21
90,108,5,4,2,45,37,34,5,5
7,41,2,2,2,40,69,53,51,12
98,111,4,1,3,12,38,35,110,64
41,18,6,1,1,63,6,6,111,43
98,24,6,1,2,73,90,69,75,58
37,40,1,4,4,26,95,10,69,53
38,64,1,1,2,15,83,10,41,35
40,101,4,2,3,71,87,68,60,8
57,93,5,4,2,72,6,6,16,16
3,83,3,4,3,23,68,5,24,23
41,110,2,2,2,48,48,16,33,31
16,64,2,4,1,26,83,10,1,1
80,16,5,3,2,34,108,76,80,2
106,92,6,4,1,40,101,75,86,6
72,78,4,2,2,72,87,68,12,12
107,112,6,2,4,48,11,11,108,74
49,51,5,1,4,72,14,14,91,64
56,2,3,2,4,90,60,49,27,19
99,73,3,4,1,45,107,32,107,13
85,21,5,3,4,59,41,25,77,59
10,112,6,1,2,40,20,20,70,54
33,2,5,2,1,26,18,18,2,2
92,23,5,4,4,37,8,8,61,49
3,17,3,1,3,64,46,32,93,66
98,113,5,1,4,76,88,38,84,61
28,45,3,2,2,31,52,46,23,9
44,110,4,3,3,91,63,36,38,22
108,13,3,4,4,5,30,17,69,53
9,97,6,3,2,12,109,17,6,6
33,112,6,4,3,41,97,2,76,42
5,79,3,3,3,87,21,7,26,25
47,50,1,4,1,66,65,33,48,41
104,13,1,1,3,88,89,63,22,6
30,114,2,2,2,40,110,77,34,29
101,83,4,4,3,20,70,34,42,36
96,37,1,3,4,72,77,61,19,19
80,64,1,1,2,27,71,54,52,10
73,66,2,1,2,60,65,33,76,15
7,29,6,4,3,46,111,78,95,68
27,1,1,2,4,77,45,41,34,29
32,85,2,3,3,61,73,57,59,48
45,56,3,2,1,17,8,8,5,5
72,44,3,2,2,77,86,67,77,59
14,47,2,4,3,9,1,1,27,26
2,90,5,2,2,53,47,43,87,2
47,54,5,4,3,43,19,19,86,6
105,43,4,1,4,8,109,17,58,47
35,66,5,4,4,84,54,42,65,6
40,24,1,3,1,83,39,36,79,51
93,17,6,3,1,29,1,1,1,1
40,14,4,2,3,84,112,79,83,22
107,113,3,1,3,64,69,53,90,19
62,74,3,3,2,14,53,28,61,49
85,98,3,1,4,13,35,32,61,49
52,114,5,4,2,56,51,45,51,12
85,88,3,4,3,31,79,63,112,56
36,47,1,3,3,87,102,61,111,43
109,43,6,2,4,85,43,39,88,62
25,27,4,3,1,32,59,47,41,35
98,78,3,3,1,60,69,53,88,62
103,83,2,4,1,11,110,77,59,48
95,112,6,4,2,51,78,62,61,49
21,80,6,2,1,71,66,51,68,40
85,20,3,2,3,45,99,74,78,47
81,33,5,4,3,55,28,27,113,75
108,5,4,3,1,27,51,45,75,58
87,56,2,1,4,81,59,47,43,73
84,65,1,3,4,14,6,6,108,74
58,27,6,4,1,75,60,49,90,19
97,88,6,4,2,9,38,35,69,53
97,19,1,4,3,53,13,13,93,66
22,55,4,4,1,32,40,37,53,43
62,15,1,4,1,66,81,38,54,44
54,81,5,2,2,60,54,42,37,33
71,107,1,3,2,31,41,25,55,9
104,19,1,1,4,32,106,5,69,53
39,65,4,4,2,40,103,16,42,36
110,46,2,4,2,17,84,65,58,47
78,29,6,2,1,15,92,70,23,9
11,90,6,4,1,48,65,33,80,2
35,114,4,2,1,18,107,32,5,5
7,66,4,3,4,74,11,11,4,4
59,101,6,3,1,34,11,11,79,51
74,9,2,3,3,42,88,38,53,43
91,54,5,1,3,11,45,41,110,64
9,65,6,4,1,38,90,69,21,21
85,44,1,1,2,40,103,16,88,62
58,2,5,1,2,47,87,68,92,65
110,91,6,2,4,48,107,32,23,9
3,64,2,3,4,49,57,47,14,14
91,58,6,4,1,36,70,34,39,20
63,64,6,1,4,41,79,63,72,19
93,69,1,3,3,29,81,38,36,32
29,11,5,1,4,23,104,23,96,69
38,60,5,2,4,29,92,70,72,19
77,31,6,1,1,61,113,10,106,49
31,81,1,2,4,90,14,14,78,47
65,79,3,3,2,9,67,52,24,23
90,40,5,1,1,53,77,61,77,59
2,85,1,1,4,71,103,16,96,69
89,58,2,4,1,40,38,35,55,9
66,43,5,4,2,38,40,37,106,49
36,54,1,2,1,35,112,79,19,19
38,85,5,2,1,26,37,34,110,64
101,36,5,1,2,4,112,79,41,35
28,87,1,3,4,73,72,56,109,43
78,86,4,4,3,77,45,41,112,56
111,63,6,1,4,36,109,17,33,31
31,26,6,3,1,88,8,8,85,39
16,35,4,2,2,77,57,47,41,35
52,30,4,3,4,33,19,19,11,11
12,36,2,4,4,40,72,56,60,8
96,22,5,1,1,72,91,46,114,76
112,29,6,1,2,6,25,14,68,40
33,115,3,1,2,91,43,39,72,19
84,57,1,1,1,20,105,80,67,52
31,114,6,1,3,43,41,25,48,41
2,5,6,2,4,85,1,1,49,42
61,54,1,4,2,75,114,75,77,59
45,9,1,2,4,84,63,36,103,73
33,76,6,4,4,19,47,43,99,71
113,112,5,1,3,11,112,79,16,16
23,8,1,2,2,33,4,4,76,42
58,114,5,1,2,45,70,34,30,28
103,84,4,1,4,8,93,5,63,51
108,21,3,1,1,14,78,62,68,40
14,84,4,1,1,19,75,59,18,18
29,116,2,1,2,67,13,13,42,36
20,37,3,4,4,5,33,30,14,14
91,16,4,3,2,5,70,34,36,32
7,29,2,1,3,36,91,46,91,64
52,83,5,2,4,20,89,63,69,53
39,89,4,1,2,51,54,42,29,27
49,35,6,2,1,45,110,77,34,29
64,15,6,4,2,45,78,62,46,20
72,117,2,3,2,1,18,18,55,9
98,5,5,4,2,9,49,44,93,66
3,29,5,1,2,65,93,5,88,62
93,64,2,3,3,41,89,63,6,6
111,98,2,4,2,38,46,32,62,50
6,105,6,1,2,73,80,64,61,49
14,9,5,3,2,61,101,75,106,49
9,9,1,3,1,79,19,19,103,73
92,81,1,2,3,32,102,61,25,24
15,77,2,3,3,90,42,38,1,1
100,34,5,4,2,57,21,21,104,22
36,99,3,2,3,32,37,34,10,10
21,11,5,2,3,82,46,61,12,12
102,71,4,1,3,29,16,16,26,25
110,20,1,3,4,14,108,76,27,26
97,24,5,4,1,1,97,2,15,15
66,78,6,3,2,42,45,41,100,9
64,66,6,1,4,63,41,25,33,31
34,83,5,2,4,29,75,59,104,22
108,90,5,3,1,90,6,6,109,43
98,19,4,4,3,77,44,40,19,19
5,30,6,3,2,12,105,80,115,77
14,81,1,3,2,58,41,25,65,6
11,11,3,4,2,38,82,45,13,13
98,87,3,4,4,43,60,49,83,22
89,14,3,1,2,6,96,36,7,7
84,23,3,2,4,41,73,57,35,3
56,27,4,2,3,70,43,39,91,64
58,34,5,2,1,37,115,48,29,27
36,21,2,1,2,59,54,42,40,34
72,40,1,2,4,14,13,13,99,71
5,80,6,3,1,82,83,10,9,9
107,106,2,1,1,32,89,63,104,22
111,105,6,4,1,60,10,10,64,31
4,42,5,2,4,57,69,53,4,4
97,30,6,3,4,4,66,51,55,9
46,7,6,2,4,27,89,63,31,29
94,33,2,3,2,71,16,16,25,24
110,62,5,3,2,61,71,54,112,56
58,91,1,3,4,14,6,6,42,36
101,79,1,2,1,72,40,37,68,40
34,83,4,3,1,36,22,22,96,69
18,102,6,4,2,37,82,45,33,31
42,87,1,2,1,19,21,7,116,70
51,73,1,4,1,92,54,42,54,44
20,9,6,3,3,33,83,10,102,67
82,22,2,4,3,65,73,57,46,20
39,61,1,2,1,57,12,12,80,2
40,108,5,2,4,35,42,38,55,9
106,15,5,4,3,91,6,6,79,51
13,79,6,3,2,6,41,25,59,48
53,102,4,4,1,12,51,45,24,23
50,104,6,1,4,37,69,53,43,35
34,90,2,2,3,14,65,33,116,70
6,115,1,3,2,51,85,66,51,12
70,64,3,2,1,68,24,24,22,22
43,41,6,4,3,16,28,27,84,61
104,113,1,4,4,76,73,57,14,14
4,53,5,3,1,12,115,48,9,9
44,102,5,4,4,32,9,9,70,54
114,94,4,4,1,60,31,28,40,34
53,13,1,3,4,4,43,39,86,6
26,66,3,3,3,54,103,16,19,19
42,87,5,3,3,25,21,7,27,26
21,55,2,1,1,6,86,67,101,72
21,89,6,3,2,40,48,16,93,66
98,38,5,4,2,53,58,48,64,31
81,113,3,1,2,82,43,39,57,46
104,94,1,2,2,25,72,56,109,43
100,10,3,1,1,38,59,47,92,65
106,94,4,3,3,77,114,75,44,38
15,4,3,2,4,42,116,13,97,70
84,11,6,3,1,30,67,52,26,25
71,81,6,2,4,85,22,22,37,33
115,38,5,1,1,72,51,45,109,43
85,113,6,4,3,48,41,25,50,40
89,103,3,1,3,9,82,17,22,22
58,78,5,2,4,72,109,17,91,64
114,79,5,4,3,92,72,56,14,14
106,7,2,1,1,25,84,65,87,52
62,34,1,2,2,22,47,43,88,62
51,70,2,4,1,26,98,73,76,42
97,34,2,4,3,28,14,14,3,3
28,43,4,1,1,78,83,10,16,16
98,58,5,3,4,32,79,63,104,22
33,110,5,1,3,24,32,29,91,64
73,112,2,3,3,37,69,53,52,10
85,26,1,4,4,82,28,17,69,53
65,17,5,1,4,67,31,28,109,43
55,77,1,4,4,42,30,17,10,10
24,84,2,2,3,3,117,76,76,42
86,107,1,3,4,47,5,5,17,17
116,6,4,3,1,24,52,46,44,38
113,40,4,4,1,4,92,11,77,59
36,49,1,2,2,5,9,9,90,29
86,89,1,2,1,23,84,65,86,6
107,22,4,2,3,52,5,5,76,15
52,102,4,4,3,82,118,24,87,2
83,63,4,3,1,40,31,28,72,19
68,78,6,1,2,30,67,52,46,20
50,88,1,1,2,64,12,12,101,72
18,44,4,3,3,28,90,69,62,50
102,71,5,2,3,11,76,60,40,34
1,78,4,1,4,11,90,69,43,37
21,80,4,4,1,38,103,16,86,6
76,53,1,4,2,30,32,29,92,65
110,102,6,2,1,66,2,2,74,57
11,48,3,1,3,64,87,68,80,2
16,91,6,1,2,30,98,73,105,18
87,14,6,4,1,62,32,29,38,22
78,78,1,2,2,1,77,61,4,4
53,2,3,3,3,79,59,47,74,57
55,14,3,1,3,52,41,25,116,70
29,58,1,3,4,14,108,76,18,18
8,71,1,3,3,1,15,15,26,25
113,38,6,4,1,52,7,7,33,31
10,68,3,1,4,67,10,10,115,77
106,107,5,2,4,29,8,8,115,77
91,7,2,2,3,38,69,53,4,4
62,84,1,3,4,14,70,34,15,15
97,68,1,4,1,60,97,2,95,68
101,36,2,1,1,22,45,41,86,6
91,8,6,4,2,19,42,38,29,27
30,11,6,4,2,44,6,6,7,7
70,26,2,4,3,25,52,46,117,38
98,55,1,2,4,35,45,63,73,56
108,24,3,3,4,41,6,6,75,58
47,1,4,2,4,52,113,10,43,37
85,38,5,1,1,7,19,19,59,13
63,76,4,3,2,62,15,15,16,16
113,81,5,4,3,30,111,78,7,7
3,13,6,4,4,18,18,60,25,24
54,28,2,4,1,21,25,14,113,75
44,114,5,3,1,64,94,71,111,43
67,34,6,4,3,88,116,13,117,38
75,62,2,3,1,41,103,16,83,22
20,1,1,4,1,64,20,20,30,28
17,25,3,2,3,46,68,5,77,59
68,15,1,4,2,7,79,63,53,43
35,72,3,2,2,47,37,34,93,66
16,80,6,3,2,12,40,37,9,9
89,6,3,2,3,55,109,17,39,20
57,96,6,2,3,19,40,37,81,60
90,6,1,3,2,58,98,73,75,33
105,65,2,3,4,58,25,14,7,7
53,75,2,1,2,60,8,8,55,9
8,53,3,3,3,49,26,25,79,51
13,60,3,4,1,59,10,10,29,27
99,102,4,3,2,24,82,45,19,19
92,22,6,1,2,30,77,61,24,23
56,67,3,2,1,25,106,5,89,63
5,87,4,2,2,12,99,69,66,27
58,32,4,2,4,53,2,2,62,50
91,80,2,2,3,3,38,35,73,56
83,27,4,4,2,56,83,10,52,10
102,15,4,2,1,4,91,46,114,76
108,118,3,2,3,32,11,11,62,50
11,11,4,1,4,87,3,3,70,54
57,74,4,2,2,70,25,14,94,67
57,76,2,3,4,8,76,60,105,18
85,75,2,1,4,57,2,2,71,55
58,49,6,4,1,9,53,28,31,29
4,1,4,1,4,75,115,48,73,56
27,21,5,4,2,12,72,56,110,64
46,106,1,3,4,92,5,5,58,47
56,78,6,2,2,63,110,77,11,11
64,62,5,4,1,25,109,17,99,71
117,34,3,3,4,6,103,61,76,42
66,8,5,2,3,11,29,3,115,77
30,113,2,2,4,29,74,58,80,2
94,28,3,1,2,58,21,21,6,6
78,22,1,4,4,42,10,10,88,62
95,119,6,3,2,24,98,73,9,9
97,47,3,3,4,6,32,29,76,15
99,80,6,3,1,75,105,80,47,40
44,82,3,1,1,20,38,35,112,56
110,49,4,4,3,72,82,45,29,27
33,75,4,3,1,27,40,37,90,19
49,101,1,1,2,5,64,55,50,40
20,109,4,2,4,47,99,74,66,27
102,33,1,1,4,90,5,5,62,50
112,114,1,2,3,71,76,60,53,43
41,58,4,1,4,74,60,49,58,47
72,111,5,2,4,29,44,40,117,38
56,104,3,4,4,35,14,14,60,8
49,94,3,1,4,20,96,36,20,20
100,50,5,3,3,13,1,1,19,19
67,25,2,1,4,34,114,75,25,24
65,65,2,1,1,18,19,19,14,14
52,25,6,4,2,24,21,7,38,22
8,106,1,4,1,34,2,2,49,42
8,53,2,1,2,29,71,54,111,43
96,74,2,3,1,85,78,62,64,31
43,118,5,2,1,75,7,7,114,76
102,16,5,3,2,61,112,79,118,76
51,46,6,1,4,80,115,48,105,18
2,103,1,1,1,20,87,68,109,43
85,65,3,4,3,68,22,22,11,11
42,24,5,3,1,72,62,43,44,38
6,8,5,4,2,25,53,28,64,31
98,34,2,2,3,87,46,32,5,5
52,112,5,2,3,11,86,67,52,10
33,87,6,4,1,88,45,41,77,59
33,46,5,4,2,88,70,34,66,27
107,32,5,4,4,32,45,41,93,66
104,18,6,3,3,38,20,20,95,68
48,37,1,3,4,25,35,32,81,60
96,116,2,4,1,36,86,67,83,22
35,62,2,1,2,31,45,41,26,25
94,30,5,1,1,44,83,10,45,39
75,71,5,4,3,43,112,79,4,4
99,75,1,4,2,9,26,25,55,9
84,112,3,2,3,52,113,10,100,9
46,33,6,3,3,38,68,5,2,2
43,13,5,2,1,62,13,13,96,69
14,51,2,4,1,18,50,9,109,43
105,60,2,1,4,54,2,2,32,30
59,19,4,1,4,8,9,9,67,52
98,54,6,3,3,78,57,47,4,4
73,66,4,1,4,8,116,13,55,9
24,60,4,3,3,82,34,31,61,49
96,16,5,2,1,70,101,75,94,67
117,19,1,2,3,24,22,22,96,69
32,62,6,2,1,32,84,65,41,35
70,3,3,3,3,66,91,46,4,4
81,5,1,3,2,51,32,29,112,56
52,70,3,2,1,21,33,30,31,29
92,118,2,4,4,51,51,45,14,14
106,10,4,3,4,74,116,13,90,19
110,116,3,1,3,81,43,39,27,26
59,37,2,4,4,85,67,52,36,32
112,111,1,4,4,84,71,54,83,22
32,10,3,1,3,52,67,52,55,9
86,36,2,4,3,65,65,33,29,27
107,79,4,1,2,72,21,7,38,22
64,28,1,1,1,3,93,5,92,65
101,99,5,3,3,12,48,16,18,18
76,17,6,1,3,90,79,63,98,58
85,83,6,1,2,44,80,64,30,28
27,58,1,3,4,30,82,45,13,13
67,90,2,3,2,70,86,67,60,8
39,107,6,1,3,37,27,26,113,75
68,110,1,4,3,9,36,33,13,13
36,41,4,2,4,40,83,10,29,27
97,110,4,2,3,22,52,46,15,15
58,30,6,1,2,30,41,25,113,75
95,34,2,4,2,80,9,9,60,8
73,67,5,2,4,12,61,50,85,39
65,102,3,3,1,28,11,11,49,42
46,45,4,4,3,40,21,21,80,2
115,117,1,4,4,51,76,60,77,59
10,96,6,2,2,42,25,14,76,15
27,105,2,3,1,12,12,12,18,18
8,24,4,2,3,54,20,20,115,77
27,20,5,1,4,52,33,30,79,51
99,16,2,3,2,37,85,66,1,1
81,49,6,4,2,35,25,14,97,70
95,93,6,3,1,46,48,16,39,20
41,6,1,2,1,43,88,38,68,40
107,56,2,1,4,54,2,2,72,19
18,56,6,2,1,45,101,75,6,4
77,34,4,1,4,38,4,78,94,67
36,12,2,3,4,6,11,11,43,37
72,33,5,2,2,91,31,28,23,9
38,23,1,1,3,88,82,45,41,35
78,14,5,3,2,34,99,74,102,67
92,3,6,3,1,82,25,14,48,41
66,69,2,1,2,40,62,43,39,20
98,22,5,1,3,29,70,34,112,56
35,23,5,1,2,20,9,9,5,5
78,86,2,1,3,77,11,11,105,18
40,50,3,3,1,4,93,5,118,76
30,26,3,3,2,54,74,58,105,18
96,25,4,2,4,39,51,45,56,45
23,79,4,4,4,5,3,60,21,21
94,9,1,2,4,77,40,37,67,52
84,90,6,2,3,45,3,3,29,27
40,29,1,2,1,34,70,34,29,40
6,80,1,2,2,26,96,36,60,8
85,63,1,1,1,23,33,30,1,1
55,102,4,4,1,5,64,55,60,8
5,57,1,2,1,78,93,5,44,38
22,66,5,1,4,92,30,17,104,22
108,83,2,4,2,61,91,46,78,47
97,69,4,1,2,11,79,63,33,31
94,23,5,3,2,14,70,34,108,74
23,3,4,3,3,10,83,10,51,12
11,54,2,1,2,20,41,25,31,29
61,90,1,3,1,35,43,39,30,28
103,98,2,4,2,56,33,30,43,37
36,43,5,3,3,80,77,61,60,8
4,23,3,1,3,64,86,67,36,32
59,55,3,1,4,13,39,36,52,10
81,32,1,4,2,88,27,26,18,18
8,1,3,2,4,15,76,60,63,51
53,7,3,1,1,84,81,38,1,1
112,99,2,4,4,23,7,7,110,64
41,46,4,4,1,77,18,18,6,6
5,106,4,4,1,29,109,17,42,36
86,83,5,2,2,6,94,71,29,27
36,54,5,3,2,81,46,32,34,29
38,49,3,4,3,52,64,32,58,47
97,80,6,2,3,18,105,80,77,59
12,77,1,1,4,39,19,19,3,3
76,17,5,3,4,35,74,58,72,19
24,18,2,1,4,49,31,28,42,36
54,24,6,1,4,85,64,32,105,18
54,56,3,4,1,91,117,76,60,8
20,53,1,1,4,52,88,38,74,57
37,35,6,4,2,15,81,38,54,44
25,67,1,3,4,35,55,34,76,42
12,52,2,1,4,39,107,32,43,37
22,43,1,3,4,32,88,38,86,6
71,42,6,3,2,55,24,24,47,40
47,1,1,3,3,44,62,43,78,47
53,7,5,3,4,72,64,55,96,69
54,104,3,3,2,31,57,47,50,40
18,86,1,1,3,40,71,54,101,72
37,104,1,1,4,65,45,41,57,46
1,95,6,2,4,44,118,24,117,38
26,49,4,2,3,5,89,63,65,6
55,5,5,4,3,52,53,28,62,50
66,1,3,1,3,80,35,32,37,71
73,76,6,3,1,82,72,56,105,18
77,17,4,4,1,86,8,8,16,16
98,62,4,4,4,85,35,32,56,45
58,116,2,2,4,30,50,9,101,72
1,70,6,3,1,37,15,15,41,35
32,68,5,1,4,73,80,64,26,25
55,74,3,2,3,69,40,37,83,22
90,17,1,4,1,30,21,7,24,23
6,104,4,2,3,90,31,28,67,52
98,93,1,2,1,5,40,37,66,27
21,76,2,3,3,48,21,21,14,14
85,22,6,1,3,12,78,62,31,29
16,48,2,3,4,84,54,42,77,59
23,116,1,1,2,27,108,76,20,20
42,60,4,1,2,72,102,61,86,6
98,28,3,1,1,10,30,17,15,15
111,82,1,2,1,63,28,27,57,46
45,118,4,1,2,43,92,70,98,58
32,11,4,2,2,21,58,48,82,7
2,103,1,2,2,48,3,3,58,47
9,24,3,2,2,60,47,43,40,34
25,23,5,3,1,72,53,28,42,36
64,66,4,1,2,72,60,49,40,34
108,76,1,4,1,66,84,65,36,32
92,60,6,2,2,90,56,1,43,37
37,107,6,2,4,24,104,44,31,29
18,83,3,2,2,58,64,55,4,4
105,48,1,3,2,37,52,46,103,73
98,115,2,3,2,1,1,1,47,40
79,60,4,4,4,70,90,69,68,40
98,11,3,2,3,31,118,24,68,40
39,16,3,3,4,39,50,9,64,31
91,30,3,3,4,62,93,5,12,12
20,21,4,1,2,72,76,60,23,9
51,56,1,2,3,11,40,37,85,39
9,2,1,4,4,12,33,30,109,43
50,114,2,4,3,65,83,10,56,45
52,89,4,4,3,5,9,9,5,5
18,116,3,4,3,75,8,8,70,54
52,3,3,4,3,20,79,63,107,13
72,26,3,1,2,10,54,42,20,20
109,90,1,2,4,84,97,2,75,58
56,70,4,4,1,56,90,69,7,7
75,99,1,3,4,14,62,43,39,20
72,7,1,3,4,14,84,65,69,53
52,65,6,3,1,82,33,30,34,29
15,94,5,2,2,13,23,23,36,32
40,102,4,4,1,84,68,5,40,34
79,49,5,4,4,53,54,42,26,25
81,27,2,3,3,1,46,32,21,21
105,78,2,4,3,1,86,67,33,31
31,14,5,4,4,56,64,32,46,20
106,4,4,3,3,17,88,38,29,27
72,31,2,1,1,1,100,68,84,61
101,6,4,3,3,42,21,21,37,33
53,25,3,1,2,10,111,78,47,40
29,21,6,1,1,67,33,30,108,74
20,105,4,3,2,22,86,67,79,51
15,83,5,2,4,29,13,13,44,38
85,41,5,3,3,47,28,27,17,17
62,84,4,1,1,42,92,70,97,70
4,77,3,3,1,30,4,4,46,20
64,86,3,4,3,31,47,43,5,5
75,78,1,1,2,79,85,66,20,20
36,109,4,3,2,79,1,1,40,34
11,117,5,1,4,56,31,28,23,9
13,109,5,4,1,12,12,12,39,20
89,47,5,1,3,42,1,1,5,5
1,25,1,1,3,43,29,3,25,24
90,1,1,1,4,32,96,36,115,77
1,84,3,1,4,71,93,5,82,7
115,75,6,4,4,32,25,14,105,18
116,66,6,1,4,42,11,11,98,58
83,91,2,2,3,3,7,7,54,44
34,16,2,3,2,1,64,55,104,22
101,46,3,1,3,5,1,1,76,42
55,33,5,2,1,7,83,10,72,19
114,21,4,4,4,9,44,40,64,31
64,76,1,3,3,32,96,36,17,17
15,85,2,4,2,40,96,32,106,49
98,71,3,2,1,76,28,27,72,19
38,52,3,3,3,84,109,17,113,75
81,46,1,3,2,51,14,14,11,11
103,60,3,1,2,10,14,14,90,19
30,54,2,1,3,46,33,30,93,66
77,117,2,1,4,91,6,6,39,20
88,81,3,4,2,71,97,2,118,76
34,72,1,3,4,49,105,80,32,30
84,20,4,4,2,38,101,75,118,76
107,56,3,3,2,20,73,57,43,37
110,8,6,3,3,44,25,14,30,28
94,46,1,3,4,83,118,24,58,47
83,111,6,4,2,11,107,32,5,5
115,115,5,1,1,76,114,75,33,31
91,8,2,4,4,7,10,10,81,60
78,51,5,2,2,55,83,10,101,72
36,9,5,2,1,88,27,26,78,47
28,28,2,1,3,78,40,37,21,21
14,94,4,4,2,68,21,7,96,69
37,35,2,1,3,79,104,23,2,2
36,24,2,1,1,53,98,73,52,10
81,54,4,1,4,6,9,9,89,63
56,62,4,2,2,41,114,75,50,40
54,20,1,2,2,20,49,44,49,42
99,19,2,2,4,29,56,1,66,27
4,40,5,4,3,68,118,24,117,38
90,70,1,4,1,70,11,11,111,43
84,45,4,2,4,2,2,2,60,8
115,51,6,1,4,85,28,27,86,6
94,16,2,3,3,26,13,13,20,20
32,14,3,3,1,83,116,13,108,74
93,56,1,3,1,21,96,36,103,73
62,86,1,3,4,16,97,2,78,47
84,1,4,1,1,11,69,53,96,69
30,23,3,4,2,5,1,1,29,27
80,21,6,3,2,83,101,75,95,68
13,109,4,3,2,33,55,34,49,42
33,52,1,4,4,23,106,5,54,44
78,8,4,1,1,69,47,43,112,56
61,53,5,4,2,84,77,61,60,8
25,66,1,3,3,37,70,34,103,73
105,13,6,4,4,18,52,46,5,5
105,13,6,4,2,47,114,75,71,55
50,62,5,4,2,41,53,28,78,47
36,34,5,2,2,10,13,13,13,13
67,74,2,1,3,20,116,13,39,20
71,75,2,1,1,41,22,22,111,43
72,25,6,3,2,12,117,76,32,30
7,72,6,3,3,82,77,61,32,30
98,76,6,3,1,77,65,52,26,25
71,85,4,1,3,8,64,55,69,53
41,10,5,1,3,80,91,46,5,5
78,111,6,4,2,37,31,28,85,39
79,31,4,3,4,12,46,32,77,59
34,17,3,2,3,32,64,55,97,70
27,80,4,2,2,54,52,46,76,42
13,69,1,2,3,51,117,76,34,29
72,118,6,2,1,81,87,68,84,61
62,58,5,2,2,65,36,33,109,43
52,20,3,1,4,19,48,16,101,72
1,86,1,1,3,39,35,32,24,23
48,97,2,1,2,45,89,63,29,27
49,42,3,2,3,64,78,62,44,38
12,1,6,2,3,72,46,32,4,4
41,81,6,1,1,87,8,8,80,2
96,111,1,1,1,56,64,55,52,10
115,57,3,2,4,5,50,9,26,25
21,88,4,4,4,11,76,60,13,13
100,8,2,4,2,61,12,12,2,2
82,39,2,1,2,60,117,76,62,50
45,10,2,2,3,3,79,63,36,6
15,19,3,1,3,64,97,2,55,9
46,115,1,1,1,92,110,77,24,23
76,73,2,1,2,12,70,34,90,19
109,56,6,1,2,34,77,61,35,3
32,91,4,1,2,65,69,53,80,2
43,50,1,4,2,24,100,68,88,62
82,91,5,3,1,20,27,38,57,46
39,7,2,1,2,66,63,36,98,58
33,58,4,1,1,42,93,5,105,18
34,49,5,1,1,26,44,40,82,7
73,76,1,2,4,50,39,36,107,13
12,66,4,3,4,18,39,36,19,19
113,67,6,3,4,2,102,61,87,2
18,21,2,1,4,54,85,66,13,13
2,1,4,2,3,31,17,5,110,64
73,26,4,3,1,15,97,2,103,73
37,55,5,4,3,42,50,9,2,2
91,57,4,4,3,84,47,43,56,45
107,56,4,3,2,59,45,41,55,9
2,78,2,4,2,61,61,50,91,64
102,107,1,2,2,80,98,73,83,22
42,116,3,2,2,17,103,16,95,68
28,104,5,2,3,60,94,71,64,31
117,25,4,4,2,90,43,39,116,70
86,90,5,2,1,35,16,16,63,51
31,17,6,4,4,80,50,9,8,63
71,7,3,2,2,49,83,10,21,21
52,1,5,1,1,76,86,67,25,24
85,111,5,4,4,13,55,34,27,26
2,3,2,2,2,56,45,41,87,2
118,87,2,1,2,77,116,13,5,5
28,76,4,4,4,25,87,68,55,9
74,48,1,4,4,18,104,23,36,32
75,20,1,3,2,51,90,69,46,20
107,43,2,3,1,12,32,29,38,22
108,87,1,3,4,12,65,33,12,12
67,54,1,2,3,64,106,72,51,12
28,67,3,1,1,78,56,1,18,18
49,84,1,3,3,4,1,1,69,53
111,25,2,4,4,42,53,28,91,64
21,75,6,2,3,70,86,67,108,74
117,20,2,1,2,49,83,10,68,40
105,48,3,2,1,62,5,5,54,44
63,87,5,2,1,28,44,40,69,53
51,45,3,3,2,37,31,28,17,17
116,31,5,2,4,29,77,61,62,50
6,105,3,2,3,74,16,16,32,30
49,98,3,3,3,23,18,18,8,8
108,78,5,2,1,5,47,43,97,70
28,95,1,3,2,41,66,51,84,61
75,80,1,4,3,32,118,24,67,52
8,46,5,1,1,86,24,24,34,29
19,58,6,4,3,58,30,17,35,3
117,71,1,1,1,18,60,49,89,63
23,10,6,3,4,90,35,32,85,39
110,5,3,4,3,31,115,48,43,37
13,75,4,3,1,61,106,5,113,75
53,78,6,4,4,40,112,79,92,65
50,32,3,3,3,78,20,20,72,19
12,79,3,3,1,76,1,1,57,46
73,46,1,1,2,26,51,45,70,54
89,66,3,1,2,73,50,9,31,29
109,95,6,1,1,36,115,48,98,58
109,38,6,2,3,49,46,32,116,70
79,104,3,1,4,13,2,2,63,51
109,84,5,4,2,66,79,63,103,73
87,18,2,2,2,40,7,7,3,3
98,64,4,1,2,72,33,30,66,27
57,16,1,3,3,8,85,66,31,29
111,54,1,3,3,5,109,17,6,6
63,89,3,3,2,9,81,38,39,20
31,102,3,1,3,64,64,32,34,29
90,54,1,1,4,45,52,46,111,43
50,110,3,3,1,12,13,13,37,33
23,100,5,3,1,44,26,25,62,50
2,12,1,2,4,14,99,74,101,72
11,110,3,4,2,24,77,61,115,77
118,98,3,3,2,91,107,32,79,51
37,31,2,4,4,76,80,64,70,54
80,37,2,4,4,49,39,36,67,52
47,28,5,3,1,48,2,2,115,77
6,112,5,1,1,61,10,10,119,68
76,17,5,2,4,25,17,5,78,47
