1,1,1,1,1,1,1,1,1,1,1
2,2,2,2,2,2,2,2,2,2,2
3,3,3,3,3,3,3,3,3,3,3
1,1,4,1,4,4,4,4,4,4,4
4,4,5,2,4,5,5,5,5,5,5
5,5,1,4,2,6,6,6,3,6,6
6,6,6,5,5,7,7,7,6,7,7
7,7,7,5,3,8,8,8,4,8,8
8,8,5,6,6,9,9,9,7,9,9
9,9,5,6,7,10,10,10,3,10,10
10,10,6,7,1,11,11,11,8,11,11
11,11,8,8,2,12,12,12,5,12,12
12,12,9,4,4,13,13,13,9,13,13
13,13,10,9,6,14,14,14,10,14,14
14,14,10,3,2,15,15,15,2,15,15
15,15,10,8,3,16,16,16,9,16,16
16,16,4,8,8,17,17,17,11,17,17
17,17,11,1,5,18,18,18,12,18,18
18,18,11,2,8,19,19,4,10,19,19
19,19,4,6,6,20,20,19,5,20,20
20,20,11,2,9,21,21,20,12,21,21
21,21,2,10,8,22,22,21,11,22,22
22,22,7,6,9,23,23,22,5,23,23
23,23,4,4,10,24,24,23,10,24,24
24,24,10,3,3,25,25,24,6,25,25
25,25,12,6,6,26,26,25,12,26,26
26,26,12,7,2,27,27,26,10,27,27
27,27,6,10,4,28,28,27,11,28,28
28,28,11,10,4,29,29,28,11,29,29
29,29,1,3,10,30,30,29,5,30,30
30,30,12,10,9,31,31,30,9,31,31
31,10,8,6,5,32,32,31,10,32,32
32,31,10,9,6,33,33,32,11,33,33
33,32,1,7,5,34,34,33,11,34,34
34,33,8,4,4,35,35,34,8,35,35
35,34,11,2,5,36,36,35,6,36,36
36,35,10,7,6,37,37,36,7,37,37
37,36,1,8,5,38,38,37,1,34,38
38,37,6,9,1,39,39,38,7,38,39
39,38,12,8,8,40,40,39,9,5,35
40,39,10,5,8,41,41,40,3,39,40
41,40,4,4,10,42,42,41,10,40,41
42,41,12,5,6,43,43,42,8,41,42
43,42,9,8,4,44,44,43,2,42,43
4,4,4,3,10,45,45,44,2,43,44
44,43,11,1,1,46,38,37,4,44,45
45,44,12,6,5,47,46,45,3,34,46
46,28,12,4,5,48,47,46,11,45,47
32,45,2,1,6,49,48,47,10,46,48
47,46,9,7,6,50,49,48,10,47,49
48,47,9,4,6,51,50,49,10,48,50
49,48,12,9,10,52,51,50,11,49,51
50,49,12,3,7,53,52,51,12,50,52
51,50,4,5,10,54,53,52,2,13,53
52,51,1,9,6,55,54,53,7,1,54
53,52,12,1,10,56,55,54,12,51,55
54,53,5,3,7,57,56,55,5,9,56
55,26,4,2,7,58,57,56,4,52,57
56,54,11,2,2,59,58,57,2,53,58
1,55,4,6,8,60,59,58,3,54,59
57,56,10,8,7,61,60,59,10,7,60
58,57,6,10,8,62,61,60,7,55,61
59,58,11,2,6,63,62,61,3,11,62
60,59,9,6,4,64,63,62,9,56,63
61,60,2,9,6,65,64,63,9,57,64
62,61,9,8,7,66,65,64,9,58,65
28,28,12,2,8,67,66,65,1,52,66
63,12,9,9,8,68,67,66,6,12,67
64,62,7,6,3,69,68,58,6,59,68
12,12,7,9,3,70,69,67,6,60,69
65,63,6,8,1,71,70,6,6,61,15
48,64,1,3,7,72,24,23,11,47,70
66,65,5,3,8,73,71,68,4,14,35
67,50,11,2,2,74,72,69,12,62,42
68,66,9,6,1,75,1,1,11,42,71
69,67,8,5,3,76,73,70,7,7,72
70,68,9,2,9,77,74,71,8,63,73
71,69,6,5,10,78,75,72,1,64,74
72,70,9,10,6,79,76,73,1,65,75
73,71,3,7,8,80,77,74,7,49,76
74,72,5,10,2,81,78,75,3,58,70
75,73,7,3,8,82,79,76,8,66,77
76,74,1,6,10,83,19,77,4,67,78
77,75,6,6,6,84,80,78,8,52,68
78,76,7,7,6,85,81,79,3,68,63
79,77,10,5,5,86,82,80,9,47,79
80,78,9,7,1,87,83,81,12,16,80
81,79,1,8,3,88,84,82,8,69,68
82,80,12,5,4,89,85,17,2,20,81
83,81,4,8,7,90,86,83,11,70,82
84,82,3,5,3,91,87,84,8,71,83
85,83,9,3,6,92,88,85,10,14,84
86,84,10,2,10,93,89,86,3,72,85
19,19,1,6,6,94,90,87,12,43,86
87,85,7,6,7,95,91,88,8,73,43
88,86,3,3,6,96,92,89,7,7,72
89,87,7,6,6,97,93,90,1,74,87
90,88,1,3,1,78,38,37,5,56,88
91,89,9,8,7,98,94,91,8,5,89
92,90,11,6,3,99,95,92,3,32,90
93,91,9,9,2,100,96,93,12,5,91
94,92,5,3,5,101,97,94,9,68,92
95,93,5,4,6,102,32,31,2,48,93
96,94,3,7,6,84,98,95,12,68,94
97,95,6,6,10,103,99,96,3,75,95
98,96,11,8,3,104,100,97,6,72,96
99,97,1,4,2,49,101,98,7,76,97
29,29,2,6,5,105,102,99,4,24,98
100,98,5,7,8,106,103,100,11,77,99
101,99,2,3,2,107,104,101,5,27,100
102,100,11,9,6,108,105,102,5,47,101
103,101,11,7,6,109,106,103,5,78,102
104,102,10,4,6,110,107,104,8,3,103
105,103,2,9,4,111,108,105,4,39,104
56,54,8,1,9,29,109,106,12,79,105
106,104,9,2,8,112,110,107,5,71,106
107,105,7,3,6,113,111,108,6,80,107
108,106,11,8,6,114,81,79,2,14,108
109,30,7,1,7,115,49,48,5,81,109
110,107,9,6,5,116,112,13,6,23,110
111,108,12,9,3,117,113,109,7,82,111
112,97,11,7,8,118,71,110,5,32,112
113,109,11,5,3,119,114,111,5,48,113
114,110,8,5,6,47,115,112,11,83,114
115,111,5,10,6,120,116,113,6,21,115
116,112,10,5,5,121,33,32,1,6,116
32,113,10,9,1,122,117,114,11,14,117
117,114,8,2,6,123,25,115,6,81,114
118,115,5,7,9,124,118,116,4,55,99
119,116,3,7,1,102,119,117,2,4,118
120,117,1,7,1,125,120,118,12,84,119
121,118,9,3,8,126,121,119,11,7,120
122,119,8,3,5,127,55,54,11,85,121
30,30,1,7,10,102,122,120,12,43,122
123,120,6,1,2,128,123,13,1,47,123
124,121,7,6,10,129,124,108,6,55,124
125,122,12,1,4,130,125,121,8,86,125
126,123,8,2,5,131,126,93,6,70,106
127,124,2,5,8,132,127,122,4,1,126
128,125,8,2,5,133,128,123,4,87,127
129,126,3,9,6,62,129,124,3,76,128
130,127,1,4,8,134,76,73,3,88,129
131,84,5,5,8,135,130,125,2,65,130
132,128,2,3,6,136,131,126,12,63,131
133,129,1,2,1,137,39,38,3,75,132
70,79,11,3,8,138,132,4,3,86,133
134,130,2,3,5,139,133,127,6,89,134
135,131,5,8,6,28,87,84,12,85,128
136,132,11,1,10,140,134,128,2,90,135
137,133,1,7,10,141,135,129,4,23,136
138,134,2,10,5,142,136,130,9,24,137
139,135,6,6,9,143,137,131,8,26,138
140,136,5,8,7,144,126,93,7,82,139
141,76,10,7,3,145,138,132,1,37,140
55,137,1,2,6,146,139,133,10,91,141
142,91,7,1,3,147,140,134,12,13,142
121,138,5,4,5,148,141,135,5,19,143
143,139,10,5,9,149,142,136,4,92,144
144,140,4,8,2,150,143,84,7,89,145
145,141,7,5,4,134,144,137,8,93,146
146,142,12,1,5,151,145,138,12,19,147
147,143,6,1,2,152,1,1,1,25,148
148,144,10,6,6,153,146,139,3,94,149
149,145,7,7,7,154,147,90,11,95,150
150,146,4,6,7,155,148,140,5,96,151
151,147,11,7,4,6,149,16,11,83,152
152,148,1,6,3,133,150,36,5,67,153
153,149,11,4,7,156,151,129,9,36,14
154,150,9,3,5,157,152,141,4,87,154
155,151,9,3,9,68,153,142,8,37,155
156,152,2,10,10,158,154,143,12,97,156
157,32,11,7,10,159,155,144,6,35,108
158,153,7,4,5,160,156,145,5,46,157
159,154,1,2,6,161,157,146,11,57,36
121,155,9,7,1,162,158,147,12,98,158
160,156,12,2,9,163,159,13,8,41,42
161,157,4,8,9,164,160,148,5,17,159
162,158,5,1,3,165,161,149,9,16,160
163,159,7,6,1,134,162,150,9,66,161
164,8,8,2,3,166,163,151,6,20,162
165,160,1,2,2,167,164,152,8,99,163
166,161,11,10,6,168,165,153,3,51,164
77,75,12,9,8,27,166,128,10,26,165
167,162,11,10,6,169,167,154,7,77,45
168,163,10,2,10,170,151,129,6,100,166
169,164,5,9,4,171,168,150,9,62,167
170,165,5,3,1,172,169,155,7,93,168
171,68,7,6,3,173,170,156,12,101,169
172,166,12,3,6,174,127,122,1,88,170
173,167,4,2,7,175,171,157,1,14,171
118,115,10,1,10,149,172,109,4,61,172
174,168,1,9,4,55,173,158,9,53,173
175,169,10,6,7,57,174,159,11,102,174
176,170,7,1,10,118,175,11,1,52,66
177,4,11,6,3,176,83,81,12,81,175
9,9,11,2,6,177,176,78,4,93,176
178,171,12,7,2,178,177,160,10,19,142
179,172,8,2,3,179,178,161,6,65,177
180,173,3,3,5,48,179,162,11,2,89
181,174,10,5,2,180,180,163,4,103,178
182,175,4,8,5,98,181,164,5,19,143
183,176,3,3,6,181,182,165,12,70,179
184,177,1,9,9,182,180,163,3,69,180
159,154,3,4,6,183,183,166,8,104,7
185,178,3,1,7,184,184,167,1,105,181
71,69,5,9,6,185,185,168,12,106,182
95,93,9,9,7,186,186,169,9,8,183
186,179,6,9,7,187,187,99,1,58,153
87,85,10,10,3,188,188,170,7,50,184
22,22,7,9,10,189,189,171,10,78,185
187,58,9,9,3,20,190,172,4,107,186
188,78,12,5,3,190,191,173,11,82,187
189,180,3,6,1,191,192,174,4,31,188
186,179,4,1,10,192,193,175,10,18,189
161,157,3,9,3,138,194,40,5,34,190
190,45,2,3,10,193,195,176,10,92,191
191,181,9,2,9,85,196,177,8,34,192
192,182,3,10,3,71,197,178,12,15,193
193,183,7,5,7,194,16,16,9,98,194
194,184,2,3,2,195,137,179,7,83,195
195,185,5,1,9,196,198,180,1,108,196
196,186,7,1,2,113,199,181,5,87,197
197,187,8,3,10,197,200,93,9,41,188
198,188,2,6,5,198,201,182,6,21,115
199,189,1,9,1,199,202,183,11,48,198
200,190,9,7,1,200,203,184,4,70,199
201,191,9,2,2,201,204,185,3,70,200
202,192,1,9,10,62,205,186,3,66,201
59,193,8,5,4,202,206,187,3,109,202
203,194,11,4,5,169,207,188,4,37,203
121,118,1,5,3,203,208,189,4,110,167
204,195,3,10,9,204,209,190,9,9,204
164,8,3,2,7,205,210,191,11,111,205
170,165,4,7,3,206,211,192,3,5,206
205,163,9,9,6,207,136,130,3,85,207
186,179,1,6,2,208,212,193,10,46,48
206,196,12,8,10,209,213,194,3,69,134
207,197,3,6,4,62,214,195,8,112,208
208,198,2,4,4,210,215,196,5,78,209
209,199,5,9,5,211,216,197,5,71,210
210,105,4,10,3,212,5,5,3,89,211
211,200,10,2,6,213,217,198,7,43,212
212,201,5,5,5,214,218,76,5,56,88
213,202,8,7,7,215,219,199,1,30,213
214,203,12,7,1,216,220,200,8,53,214
215,204,6,9,2,217,221,201,3,25,215
173,167,1,3,9,218,116,113,6,79,216
216,205,9,3,9,219,222,202,6,59,68
217,206,11,7,4,202,223,203,7,42,185
218,207,11,1,7,220,224,204,4,77,217
219,208,7,3,9,221,225,15,12,31,218
220,209,4,8,6,88,226,205,10,16,58
221,210,12,3,5,222,227,137,9,105,219
137,133,6,2,4,223,16,16,11,40,209
177,64,11,2,2,224,228,206,7,58,25
222,175,4,10,2,225,229,207,3,19,220
223,211,4,8,2,226,230,208,5,52,221
224,212,1,7,1,227,231,170,1,7,222
225,213,3,2,8,64,232,209,2,13,223
226,214,3,5,2,4,74,71,4,104,65
227,215,3,1,9,228,233,210,8,54,224
228,216,9,5,7,229,234,211,8,112,208
229,135,12,6,4,230,235,212,1,113,225
230,217,12,6,2,153,236,213,11,78,226
231,218,10,6,7,231,237,214,2,80,227
232,219,6,10,1,221,238,215,9,17,228
207,197,7,8,3,232,239,216,10,53,229
233,220,8,10,10,233,240,217,4,37,203
234,221,8,5,8,234,117,114,2,24,230
235,222,2,2,10,235,241,218,10,111,231
159,223,6,8,2,236,242,219,7,43,212
236,46,10,3,8,65,243,220,6,103,232
237,224,1,2,5,237,244,221,5,35,233
238,225,2,5,4,221,245,222,11,31,234
122,119,11,10,9,238,80,78,8,66,235
239,226,3,1,9,239,246,223,3,114,236
240,227,3,1,4,240,110,107,7,115,237
241,228,6,9,3,241,247,224,12,116,238
242,212,6,10,9,242,248,225,3,64,239
172,166,7,1,4,243,249,226,11,8,240
243,229,9,9,6,244,250,227,7,5,137
213,202,12,1,6,245,251,42,6,67,241
244,230,3,6,6,246,179,228,7,105,242
135,131,1,6,7,247,252,229,7,58,25
180,173,2,1,2,248,253,230,9,83,243
245,161,12,3,7,249,254,231,2,111,52
246,173,1,9,4,250,18,18,5,65,244
203,194,6,9,8,251,255,232,11,86,245
70,68,7,4,10,252,256,233,1,44,246
247,231,5,4,4,253,257,193,4,33,154
248,232,7,8,7,254,258,234,11,57,36
249,233,7,1,10,255,259,235,1,117,247
250,234,9,9,6,256,260,193,8,118,248
251,235,9,1,8,106,173,158,12,68,94
252,205,5,8,1,257,261,236,5,116,202
253,39,11,10,6,258,262,237,4,119,249
254,236,8,6,4,259,263,54,9,49,206
255,215,10,10,7,260,264,238,9,32,250
256,237,8,9,7,40,265,3,10,55,251
257,238,2,5,7,261,266,239,6,45,252
195,185,3,10,7,262,267,240,8,99,163
117,114,12,2,3,178,268,27,9,21,253
258,239,12,5,1,263,269,241,6,69,254
87,240,11,4,3,147,196,177,9,18,255
259,146,12,3,2,264,270,242,12,53,256
260,241,7,3,9,265,271,243,7,71,257
9,9,10,4,7,266,272,244,10,76,258
261,242,12,10,2,11,273,245,8,109,259
262,113,7,5,6,267,234,211,3,120,260
100,98,6,5,6,268,274,219,1,62,261
263,243,10,9,5,266,103,100,11,121,262
136,56,6,7,9,269,275,246,5,61,36
264,244,6,10,6,103,276,247,2,86,263
265,245,10,4,3,270,277,248,12,30,264
266,246,12,7,6,147,231,170,4,49,53
267,203,5,7,2,164,278,249,7,51,265
77,75,1,7,3,271,279,250,9,101,266
268,247,2,1,1,272,280,251,2,69,267
269,212,5,8,6,273,281,252,7,63,268
270,248,9,8,3,274,282,149,6,122,269
146,142,7,10,6,275,283,253,12,123,155
271,213,11,3,9,195,284,254,4,60,136
272,249,11,5,10,276,285,255,4,122,233
273,250,5,10,6,113,286,256,3,124,270
274,251,9,5,10,62,144,137,4,63,271
48,252,6,8,6,147,287,257,2,90,272
148,144,6,5,4,277,288,258,9,95,38
275,253,4,9,8,278,289,259,2,85,273
276,254,6,2,2,279,290,36,7,36,274
277,76,7,10,6,280,150,187,1,23,275
278,255,7,10,5,281,94,91,2,108,79
279,60,6,7,5,282,291,130,1,21,276
258,18,7,5,5,254,292,260,5,51,277
62,61,10,1,6,147,293,261,4,102,278
280,45,12,4,9,283,294,104,12,51,279
16,256,2,1,1,284,295,262,11,109,280
281,257,1,10,6,285,296,263,7,103,281
282,258,12,5,5,185,297,264,3,59,282
283,259,2,1,3,286,298,201,8,108,37
165,160,8,10,4,287,10,65,3,5,283
280,260,1,4,5,261,299,119,12,116,238
284,29,6,7,6,288,300,150,4,57,256
27,27,6,3,5,289,164,152,3,82,30
285,261,9,6,9,290,301,265,5,58,284
286,262,8,10,5,291,44,43,10,120,285
148,144,10,10,10,77,302,266,5,113,286
173,167,4,6,10,292,247,224,2,69,287
287,243,8,9,4,293,143,84,11,2,288
288,263,8,6,6,258,50,49,7,75,289
57,56,4,1,3,294,303,267,12,5,163
177,186,10,7,9,295,234,178,12,125,290
289,264,4,3,9,87,304,268,11,9,163
255,64,4,7,4,296,305,269,5,23,291
137,133,7,1,5,297,306,45,3,78,292
290,265,4,10,8,298,194,40,10,36,293
291,266,8,4,5,299,307,270,2,60,294
292,267,7,6,9,199,119,117,9,102,295
293,236,5,7,8,300,308,271,1,40,296
87,268,11,1,6,181,309,272,6,49,297
96,94,8,9,8,183,310,273,9,98,298
294,192,11,9,2,26,311,186,2,102,299
295,269,12,4,4,134,312,274,5,85,300
296,270,6,4,2,301,313,275,7,108,301
297,271,6,4,7,302,141,135,10,88,302
298,272,3,6,5,303,71,68,9,23,303
299,273,8,7,1,139,314,276,12,126,304
300,274,1,4,6,288,72,69,2,18,305
301,275,5,10,10,304,315,277,10,4,192
302,78,2,3,1,245,316,278,4,78,306
303,4,4,8,1,32,111,279,7,24,307
304,191,8,5,7,305,317,280,9,82,308
154,150,3,9,3,306,318,281,11,89,309
305,276,4,8,6,227,204,185,8,40,310
306,277,1,1,10,85,319,282,7,124,311
265,245,9,8,6,307,60,59,2,89,312
307,278,7,3,8,308,320,283,7,63,53
308,279,6,4,4,67,321,215,6,102,313
309,280,8,5,4,309,272,244,7,89,314
310,281,9,4,5,199,281,252,7,74,204
311,141,3,1,7,237,322,224,1,49,315
312,282,5,7,7,310,323,217,8,34,316
313,283,12,1,6,311,324,284,2,19,317
314,284,2,7,5,312,325,285,3,119,12
315,285,7,9,1,313,326,286,4,18,318
316,286,11,7,3,314,45,44,7,119,319
40,287,4,2,8,138,327,287,7,1,54
205,163,10,5,6,315,328,288,10,116,320
317,3,5,2,3,316,236,213,10,55,251
318,22,11,4,7,317,329,289,3,62,321
319,288,5,4,1,318,330,290,9,49,322
320,289,3,1,8,68,331,291,4,105,323
321,69,2,9,1,111,332,292,12,124,324
322,256,3,1,5,319,333,293,12,123,155
323,290,11,9,4,320,334,115,12,34,325
136,291,6,7,8,321,335,294,6,59,68
259,146,8,5,2,322,336,120,12,98,158
324,292,12,8,8,323,337,295,11,123,182
325,293,3,8,3,189,338,296,11,38,326
326,294,9,3,8,324,188,170,5,96,89
327,89,2,9,6,325,339,297,4,71,327
159,295,8,3,10,326,340,298,4,55,99
70,296,4,9,10,327,341,185,4,39,328
328,297,6,8,6,328,342,299,9,11,329
329,16,9,3,9,189,343,300,6,3,202
330,135,5,2,5,329,344,301,9,69,330
328,297,7,5,6,330,195,176,4,74,10
54,53,12,2,8,300,345,302,8,6,331
219,208,12,5,4,331,346,303,3,8,332
331,298,11,2,3,332,347,304,10,99,267
332,121,8,6,8,333,348,262,7,102,333
55,299,4,4,4,334,160,198,3,35,334
278,255,7,9,1,335,53,52,12,15,193
121,138,2,10,8,336,349,305,9,8,183
147,143,2,4,4,337,350,306,11,73,335
333,300,1,2,4,338,351,307,11,127,336
192,182,6,1,5,339,352,308,2,68,337
334,301,11,9,6,340,353,38,6,70,106
335,302,4,4,10,341,354,187,2,78,338
336,303,3,10,9,315,151,129,6,126,153
337,304,10,9,2,167,96,93,7,66,339
338,305,3,10,6,342,355,150,10,49,340
339,306,4,3,7,329,42,41,11,65,341
340,307,12,5,1,343,356,309,5,63,342
341,308,5,5,6,344,25,24,1,26,343
342,175,5,6,3,86,357,310,11,9,163
343,175,1,3,1,110,310,273,11,78,226
84,82,4,10,7,345,358,311,6,78,344
266,246,6,8,8,346,359,312,10,18,189
56,54,7,3,2,324,360,313,4,7,345
344,309,7,1,4,169,36,35,4,104,65
345,310,5,1,6,273,318,281,11,34,34
346,311,3,8,10,166,361,314,12,32,346
347,276,12,2,10,347,362,136,3,111,347
179,172,6,6,9,348,357,310,9,4,348
348,312,11,1,8,144,363,315,8,104,349
349,313,1,1,4,88,159,13,12,118,350
350,314,8,3,1,349,364,316,8,41,351
74,315,12,6,10,350,365,317,3,48,352
351,316,12,9,6,351,366,318,12,103,353
352,317,1,4,9,352,258,234,8,34,316
353,318,1,7,9,353,367,319,1,64,291
354,319,11,1,4,354,165,153,2,92,25
355,320,12,7,5,355,368,246,6,104,354
356,321,12,3,1,13,154,143,3,24,355
357,322,2,1,5,356,30,29,9,39,356
358,323,9,6,9,357,369,320,10,64,357
341,308,6,9,3,37,370,80,12,74,358
2,256,6,3,6,358,371,205,7,5,359
359,324,9,1,8,359,309,272,11,4,360
360,108,12,9,6,360,158,147,6,60,153
361,325,12,10,1,361,372,13,8,73,43
362,177,1,2,9,362,373,90,3,25,215
363,326,1,4,5,305,374,4,4,90,361
364,327,5,4,9,251,375,321,2,77,362
215,204,1,8,5,363,365,317,1,24,363
314,284,1,4,7,364,376,109,12,79,105
8,8,7,8,4,293,373,90,11,70,364
365,328,10,6,4,365,377,322,12,55,365
366,329,8,7,2,313,378,323,8,109,259
367,330,11,8,1,366,274,219,12,31,218
368,99,7,2,8,367,379,324,12,70,155
264,244,4,5,7,212,380,325,8,127,95
258,331,4,3,4,368,381,60,7,115,32
369,332,12,10,6,369,382,326,12,33,120
370,42,12,4,6,370,383,327,9,22,366
371,333,10,4,6,371,384,328,4,5,367
372,334,7,5,10,372,385,329,1,23,368
373,335,3,4,3,184,25,330,4,78,306
367,330,6,1,2,373,386,67,7,113,35
349,313,3,7,6,36,387,331,10,54,369
374,336,11,3,8,374,1,1,8,36,348
308,279,5,9,2,205,388,332,12,67,370
375,337,6,2,6,375,389,333,1,106,309
376,338,3,2,5,376,162,150,10,69,231
377,339,12,1,6,377,390,334,4,72,371
378,340,10,5,3,378,256,233,10,78,185
226,214,10,7,6,191,391,31,7,11,350
379,36,7,8,2,344,392,335,4,43,77
380,297,4,5,2,379,393,336,6,55,124
381,341,1,1,8,380,394,13,2,123,372
382,342,1,6,9,381,395,337,2,64,373
315,285,8,1,7,382,64,63,11,93,374
383,343,9,9,2,100,227,137,4,88,375
384,344,6,5,7,92,10,62,4,126,376
314,284,1,4,6,190,396,338,8,30,265
385,345,12,5,7,8,137,339,6,7,7
386,346,3,4,8,383,397,340,5,46,377
387,347,11,5,4,384,398,303,5,66,378
70,348,10,2,3,385,399,341,6,42,379
8,8,12,10,1,386,347,304,11,20,380
388,349,2,5,3,116,400,342,8,118,248
389,120,4,6,3,387,401,343,2,43,44
390,334,10,7,10,189,402,344,2,125,381
391,350,4,5,10,388,403,263,5,12,12
392,351,12,8,3,389,404,70,3,27,382
27,27,2,6,7,390,405,345,8,81,279
393,169,8,8,8,391,47,46,3,55,383
394,131,12,2,6,324,406,346,2,17,384
395,352,4,3,9,392,407,230,5,20,385
396,162,11,9,3,393,408,347,1,104,386
397,353,1,3,7,394,409,348,9,47,238
398,354,4,9,5,217,410,169,12,55,365
86,84,4,7,1,98,411,130,12,120,110
399,355,8,3,3,212,5,5,9,73,36
400,164,11,7,8,395,412,20,7,88,387
401,356,1,5,1,374,54,53,1,13,388
194,184,2,7,7,396,413,120,7,102,333
186,179,8,10,5,65,414,349,4,90,389
63,12,7,2,1,397,415,350,6,112,390
402,21,4,7,6,398,403,263,10,87,391
403,278,6,2,4,399,416,351,1,26,343
206,196,12,9,7,381,417,352,11,102,392
404,357,4,8,8,367,121,353,3,128,347
84,82,9,4,5,174,418,354,2,11,393
405,358,3,6,3,400,38,37,5,44,208
406,359,6,10,7,401,419,355,9,39,394
2,114,12,6,6,272,401,343,3,9,96
407,297,6,6,9,402,265,356,6,64,395
408,285,10,2,9,403,391,31,5,67,153
55,26,1,1,6,404,21,20,5,124,396
409,360,1,2,6,405,420,357,6,96,397
410,131,2,2,7,250,113,13,10,56,7
234,221,2,3,1,19,421,18,2,23,238
411,361,1,6,2,139,422,358,1,5,398
412,362,10,10,7,300,423,359,9,59,399
413,138,4,9,9,338,424,241,12,18,18
414,363,5,7,1,308,45,44,4,92,144
87,240,2,3,4,406,40,39,7,102,333
123,120,7,1,10,407,425,360,2,86,96
87,240,1,9,6,408,17,17,12,129,338
255,364,5,10,9,409,426,361,9,25,400
185,178,2,8,2,410,427,362,12,68,94
258,239,4,10,5,407,338,296,9,33,401
255,215,2,3,6,411,48,47,8,28,402
404,357,8,2,1,231,428,312,6,116,403
415,157,10,4,5,412,429,363,10,106,404
416,145,6,7,4,413,430,259,8,21,405
417,365,9,3,6,414,111,364,2,20,81
418,366,12,7,9,415,431,41,10,46,406
419,367,12,7,5,416,202,183,4,43,407
420,332,2,6,3,417,267,240,5,73,408
185,178,2,9,5,418,432,365,6,87,409
272,189,10,9,8,419,433,100,5,77,150
196,186,11,9,10,420,434,186,6,128,410
421,368,5,10,2,421,435,47,8,18,238
137,133,4,5,10,422,436,366,7,36,286
422,369,5,3,8,423,436,366,3,128,347
259,146,6,4,2,424,139,133,10,72,70
54,370,7,2,8,425,437,367,11,101,411
172,166,12,5,8,426,343,300,11,51,412
423,371,4,4,8,427,438,368,11,15,328
424,372,1,6,10,20,439,369,2,19,317
425,373,1,7,2,16,240,217,10,14,413
403,278,5,6,5,428,440,370,12,75,127
258,196,2,9,5,429,441,371,6,118,414
233,220,4,2,4,430,442,372,9,2,96
426,374,3,5,4,431,443,373,8,33,415
97,95,7,4,2,432,407,230,5,44,208
427,375,10,8,6,62,124,296,8,130,416
262,113,4,8,3,433,444,347,5,121,417
428,376,9,2,8,158,445,374,5,78,102
326,294,6,9,3,434,446,13,4,108,418
429,377,6,3,8,435,447,375,10,31,419
367,330,2,10,3,436,277,376,9,62,420
430,191,12,2,5,41,448,377,1,94,421
431,378,12,6,7,316,208,189,4,114,422
432,258,9,4,5,109,449,93,9,27,423
136,379,6,5,6,185,386,67,8,31,3
157,186,1,3,1,437,450,378,8,18,238
291,266,12,6,4,438,305,269,8,52,424
433,380,4,1,8,172,451,239,8,45,425
434,381,4,8,8,322,452,379,9,126,426
435,240,3,9,7,353,150,36,8,29,427
436,382,3,4,9,439,453,79,11,69,428
190,45,6,5,7,440,454,271,8,117,429
437,383,10,7,6,293,455,380,3,113,430
80,331,10,8,2,156,456,244,3,35,354
367,330,1,4,2,26,457,381,3,3,431
181,384,1,2,4,441,458,382,1,16,432
333,300,11,5,10,442,459,383,4,17,337
14,14,9,4,8,184,460,107,10,75,410
438,29,8,9,10,443,461,130,10,59,284
439,385,9,2,9,444,462,384,1,43,202
440,46,12,2,6,378,463,385,7,12,433
171,68,9,8,8,445,464,3,11,95,434
441,174,9,5,10,446,465,386,2,38,435
442,386,12,2,2,447,466,387,9,72,200
443,387,4,10,3,189,205,186,4,41,341
444,388,3,7,9,253,62,61,4,26,436
146,142,9,4,6,448,448,377,6,95,162
445,389,10,1,2,449,467,388,4,121,93
48,64,10,8,6,34,468,389,10,47,437
325,293,11,8,3,450,277,248,2,21,161
280,260,12,5,9,451,469,390,10,92,191
232,219,3,9,5,452,175,11,7,97,438
383,151,5,3,6,25,470,391,12,123,135
204,390,5,3,1,453,448,377,1,41,439
446,391,10,8,3,454,165,392,11,83,440
397,353,12,3,7,455,287,257,11,128,25
258,392,7,9,3,19,257,193,3,69,180
447,54,10,5,2,456,256,233,8,83,381
448,393,9,9,4,283,471,393,5,115,441
449,394,4,10,10,386,472,121,1,101,442
450,395,7,9,9,457,196,394,6,85,9
46,28,12,4,1,458,473,395,1,30,238
451,396,10,6,8,98,474,396,3,16,443
452,367,8,9,7,459,475,397,5,31,444
453,397,6,10,2,460,476,398,12,60,386
454,398,5,1,1,461,470,391,1,1,61
455,399,5,2,9,176,477,399,8,51,445
456,282,3,4,3,58,478,400,7,3,27
457,400,10,9,4,462,479,401,8,116,446
458,401,9,3,5,463,480,402,11,74,325
117,402,6,10,5,428,19,403,1,71,447
459,403,8,4,10,464,481,13,5,128,53
100,98,2,9,7,465,482,404,8,85,164
460,404,8,2,9,466,369,320,8,90,245
461,405,5,7,2,421,444,347,4,90,448
462,406,5,4,8,278,483,405,5,31,449
463,407,1,9,10,467,484,406,4,85,450
464,408,10,6,8,431,403,263,8,54,224
465,181,6,6,3,217,485,207,3,3,431
466,409,8,5,4,119,179,42,8,114,451
53,52,11,3,6,468,486,377,3,90,452
436,382,12,2,4,399,76,73,8,82,453
467,410,9,1,10,469,487,397,10,69,454
5,383,12,6,10,64,488,407,10,79,173
261,242,10,6,6,470,260,193,4,28,455
159,223,2,3,10,471,489,408,1,130,456
323,290,2,7,5,472,490,409,9,127,457
468,411,1,9,9,473,491,410,10,8,376
266,246,12,4,3,474,284,254,1,37,458
374,336,12,7,1,266,299,119,1,39,459
469,412,11,2,7,151,492,411,11,117,460
470,15,11,1,10,285,493,412,1,39,459
366,329,9,6,6,475,34,33,11,94,461
471,413,2,4,7,452,389,333,6,40,462
79,77,10,9,6,476,298,201,3,52,463
472,8,4,8,4,477,494,413,6,73,464
473,414,3,8,6,478,425,360,10,96,465
474,415,3,9,4,479,89,86,3,61,466
475,416,1,6,3,480,495,280,4,112,467
249,233,1,9,6,481,496,414,4,102,468
476,293,10,1,8,294,427,362,5,32,112
139,135,1,6,6,79,449,93,4,103,178
17,17,1,2,7,348,224,204,10,77,104
133,129,11,4,7,473,497,132,12,127,98
477,417,5,7,7,482,498,415,12,108,84
38,37,5,2,1,197,499,416,12,99,469
349,313,7,1,7,483,219,199,8,80,470
478,418,1,9,10,37,500,417,2,36,471
479,419,11,3,6,393,501,418,9,129,472
480,287,1,4,8,414,502,419,12,51,473
481,305,3,6,4,122,503,280,7,73,120
481,305,5,3,3,306,504,420,2,50,250
157,186,5,7,1,484,133,127,11,34,34
241,223,11,7,6,485,258,234,7,97,474
482,69,2,6,5,486,340,298,2,33,475
1,420,10,10,3,195,36,35,4,84,476
136,291,7,7,5,487,456,244,4,118,477
258,331,4,2,9,488,327,287,8,77,283
178,171,7,8,5,489,505,421,7,62,478
477,417,8,1,1,486,506,422,7,62,96
434,381,9,6,6,173,507,363,5,76,479
251,235,4,7,8,490,344,423,10,30,480
378,155,11,10,6,491,92,89,11,94,176
17,17,12,1,9,115,508,241,10,100,293
233,220,11,10,6,492,509,40,4,66,176
22,22,3,9,2,493,510,424,3,73,481
26,26,5,5,4,134,511,211,9,42,152
141,76,4,4,1,193,267,163,9,103,482
483,421,11,3,9,494,198,180,3,2,483
484,393,4,3,9,495,105,102,5,5,5
377,339,12,7,5,496,423,359,4,83,142
85,83,7,5,6,497,512,160,10,116,39
152,148,9,2,5,498,336,120,4,46,484
473,414,1,3,6,247,513,139,12,23,232
485,422,4,3,8,499,402,322,10,10,10
320,289,5,2,9,500,141,135,8,62,202
468,411,10,3,2,210,514,425,10,87,485
87,423,12,2,4,248,515,280,3,24,355
280,45,3,4,3,342,349,305,2,24,230
486,424,5,5,6,497,516,426,12,49,486
117,402,12,5,3,118,517,427,6,57,487
487,425,1,8,7,501,231,170,11,56,488
488,122,6,5,2,189,518,428,1,26,343
489,284,6,6,4,31,519,429,7,55,61
490,133,3,1,10,223,376,109,4,81,489
413,138,2,2,7,502,137,430,5,38,490
491,426,8,10,4,503,520,204,4,67,332
492,7,5,7,2,55,521,431,6,1,491
493,427,9,10,2,504,457,381,1,57,492
494,295,9,4,4,505,61,432,12,40,91
245,161,5,7,4,506,339,297,3,111,347
495,423,10,9,9,141,522,433,1,69,154
447,54,9,4,6,507,523,6,4,94,493
179,172,2,2,10,508,325,285,7,83,494
261,242,6,9,9,195,54,53,9,129,255
496,147,11,3,2,406,106,103,8,49,495
497,377,2,6,1,125,524,434,1,33,120
387,347,12,1,2,509,525,435,3,70,200
179,172,12,3,10,42,448,377,4,108,418
2,410,1,7,9,404,526,245,9,12,256
4,4,2,9,9,510,527,436,8,75,496
498,428,12,4,1,511,528,125,10,42,497
499,141,11,2,4,479,341,185,9,32,250
177,64,10,2,9,221,485,207,9,20,144
302,21,7,3,8,512,79,76,6,105,7
500,241,5,6,1,76,529,437,3,46,493
501,429,10,9,5,213,530,438,6,21,115
258,196,12,3,10,513,531,439,5,37,109
502,42,1,7,6,197,156,145,10,109,223
503,430,11,1,8,514,532,440,5,93,498
500,241,11,2,4,515,427,362,8,62,202
504,431,1,4,10,516,20,19,12,32,346
505,432,9,9,2,517,527,436,5,18,499
424,372,7,9,4,518,533,441,6,13,500
506,269,2,8,10,519,534,92,12,107,288
507,433,1,8,1,62,535,337,4,32,501
508,434,2,3,5,520,536,442,9,55,377
509,8,10,8,9,390,62,61,2,52,502
510,120,10,1,1,521,277,416,10,38,6
511,435,9,10,10,54,195,176,9,113,503
365,328,3,6,8,522,13,13,8,76,324
512,406,8,3,10,279,496,39,9,90,176
191,436,7,9,5,523,537,443,6,114,130
513,258,5,2,4,463,538,202,11,72,504
514,437,7,4,3,524,217,198,6,37,354
515,438,1,8,4,525,539,190,11,82,187
315,285,1,2,6,15,110,107,11,86,448
516,217,11,1,3,526,540,444,3,119,505
225,213,8,7,10,526,541,445,6,6,506
517,439,8,5,4,527,542,267,7,118,503
273,250,1,10,6,437,543,446,3,39,507
518,440,8,7,3,270,134,128,7,95,210
502,42,5,6,6,528,544,335,3,21,81
519,160,12,6,1,152,170,317,7,91,508
520,284,3,9,6,77,545,360,10,53,509
521,441,6,5,10,529,546,447,10,82,55
251,235,9,6,9,409,547,423,9,86,510
522,442,8,9,6,530,25,24,5,65,511
523,66,5,6,9,454,215,196,2,63,512
524,292,5,10,8,531,144,137,3,56,513
525,443,7,10,4,128,172,109,3,90,452
456,282,9,3,5,40,49,48,2,40,514
266,246,10,4,2,195,10,65,4,92,144
526,444,11,4,9,532,12,12,12,24,201
527,445,2,2,4,392,475,397,2,58,515
108,106,9,1,6,224,321,448,7,29,516
528,446,2,6,6,533,360,313,11,115,517
70,68,5,8,7,534,500,417,1,84,518
529,447,1,5,6,288,137,449,3,105,519
271,61,10,9,6,478,197,178,11,5,385
530,263,7,7,6,419,548,450,9,36,14
341,308,11,9,5,535,549,451,2,52,502
214,448,3,2,6,145,411,130,5,31,520
531,449,10,3,4,175,550,452,4,54,521
532,450,6,7,6,536,551,453,3,95,522
463,407,2,8,1,537,552,454,7,17,523
395,352,2,5,3,22,553,427,9,5,524
533,355,4,5,5,538,277,376,2,122,525
406,359,10,8,1,539,176,78,12,115,526
534,451,3,9,10,540,554,455,10,28,527
466,409,8,6,6,541,555,241,5,87,528
157,186,2,8,2,460,556,456,7,30,529
535,87,2,2,6,542,444,347,7,59,530
536,258,3,6,7,259,119,117,6,83,531
130,452,6,4,6,435,451,239,5,65,244
481,305,12,7,4,543,557,457,9,44,273
9,9,8,1,1,408,558,76,8,124,532
537,453,4,8,10,9,530,438,2,7,6
146,30,1,7,6,366,468,389,3,91,533
538,454,4,10,10,544,559,458,8,86,177
492,455,11,5,6,545,560,459,12,89,534
539,5,8,1,9,488,561,460,10,65,238
540,456,7,7,2,546,562,461,8,78,535
136,56,12,7,7,547,489,408,6,70,106
541,457,11,3,5,522,483,405,4,63,100
542,104,9,3,4,364,563,462,4,89,536
65,63,6,10,4,542,241,135,9,88,90
543,201,7,4,9,548,564,463,3,126,435
544,270,9,10,6,549,565,464,12,39,537
96,94,4,7,6,550,10,65,2,68,538
167,162,4,3,1,551,566,270,3,86,133
486,424,5,5,10,552,567,465,5,18,499
258,458,2,1,5,553,374,4,9,55,377
545,434,3,10,8,554,262,237,10,121,539
258,95,9,7,7,555,96,93,8,37,540
546,459,2,3,6,556,568,308,5,117,541
547,460,3,1,5,557,569,466,11,4,67
495,423,8,1,1,550,570,159,7,93,542
548,86,12,1,1,255,571,467,8,20,81
549,461,11,5,1,57,572,468,10,15,175
550,238,3,6,9,558,573,101,6,65,543
551,406,3,10,6,559,545,360,7,97,279
96,94,11,2,5,209,536,442,7,119,319
80,78,5,7,10,184,48,47,9,15,273
49,48,6,3,5,103,217,198,11,118,544
552,191,12,8,8,200,574,469,1,61,312
205,163,2,10,10,62,170,135,3,26,249
120,117,12,3,3,516,460,107,2,20,492
553,438,2,9,1,560,380,325,5,59,545
554,353,8,7,2,410,179,173,1,111,546
555,462,7,10,6,561,283,253,2,62,547
511,247,6,7,6,562,575,470,7,120,548
109,30,6,1,7,92,513,139,6,32,433
221,210,1,1,10,186,576,471,10,117,549
556,463,2,1,9,94,117,114,4,46,484
557,464,1,5,5,473,140,134,3,113,550
558,465,7,7,3,36,72,69,6,60,551
438,29,4,10,5,563,577,123,11,47,552
559,466,8,3,1,564,578,43,2,117,553
249,233,5,2,8,565,337,295,10,14,272
92,90,4,8,10,566,13,13,12,42,554
560,175,8,8,2,567,579,472,1,19,467
268,247,2,2,6,515,205,186,8,5,89
561,467,12,2,8,568,580,371,5,9,251
562,468,1,10,6,569,581,473,2,88,374
563,469,4,6,3,570,78,75,12,104,555
564,470,12,6,6,571,582,125,4,13,556
240,227,2,8,6,197,583,474,6,100,557
565,218,1,1,6,572,584,189,1,112,43
566,471,12,7,9,124,522,433,1,16,558
437,383,10,7,6,343,415,350,2,46,343
48,64,9,6,1,573,395,337,6,130,100
54,472,7,8,8,574,585,475,12,84,119
567,204,5,3,2,129,586,371,4,39,104
16,256,10,2,8,575,587,476,3,30,326
114,110,6,4,4,98,588,477,8,59,559
512,406,1,2,3,576,589,478,12,70,504
564,470,10,9,7,577,480,402,9,52,36
192,182,11,9,8,93,13,304,2,94,560
568,155,1,7,9,128,590,479,12,21,21
543,473,7,2,7,167,234,480,5,108,25
38,37,2,4,3,578,591,235,12,88,561
569,474,1,6,4,579,592,417,4,69,68
435,240,9,1,9,388,593,153,7,70,562
119,475,8,8,8,580,177,160,5,54,563
31,10,2,5,5,428,594,481,4,70,199
369,332,6,5,10,423,353,38,8,76,108
529,447,9,6,1,262,595,482,1,11,564
389,120,10,5,2,66,353,38,5,19,565
61,60,7,7,6,581,55,54,6,50,566
342,175,2,1,1,582,596,131,12,6,310
400,164,7,3,8,583,170,81,11,28,567
64,62,8,4,3,584,234,178,11,60,568
570,476,5,4,8,585,250,227,8,60,458
97,95,11,8,7,295,597,483,8,28,402
214,203,11,7,1,189,598,426,11,30,133
35,34,3,5,2,216,111,108,7,96,354
1,286,2,1,10,118,230,208,8,122,569
333,300,2,9,3,586,599,484,4,79,238
571,477,5,3,7,587,176,78,12,95,138
395,352,12,3,6,514,13,485,5,58,284
38,37,1,1,4,588,494,413,3,128,570
427,375,9,10,8,324,43,42,6,101,8
2,2,7,1,6,19,600,486,2,64,373
572,478,1,8,10,446,601,487,3,53,571
573,479,9,4,2,589,441,371,1,80,572
48,252,12,4,1,213,35,34,3,31,279
574,480,4,9,1,590,602,21,3,71,562
575,481,8,10,5,535,473,395,2,6,573
2,410,4,4,7,511,603,488,10,94,438
576,462,6,6,2,591,604,489,9,58,65
271,213,9,9,4,466,605,490,3,87,574
503,430,3,8,9,104,147,90,5,104,575
154,150,12,4,1,592,503,17,12,50,52
48,47,6,1,9,593,606,491,9,60,576
499,141,7,1,4,393,52,51,8,80,470
3,3,10,7,10,123,518,428,12,11,221
355,320,6,2,9,382,558,76,8,47,577
577,441,8,8,10,594,209,190,10,93,329
374,336,9,7,10,595,234,211,10,95,578
578,76,1,2,8,499,607,492,3,110,290
579,482,6,9,5,596,451,239,9,14,550
545,434,4,10,3,416,608,323,12,120,110
357,322,1,6,7,597,529,437,8,119,281
429,377,7,4,6,141,609,346,11,31,579
580,483,4,8,8,203,610,493,11,21,580
575,481,2,10,6,598,381,494,4,19,573
581,352,9,5,9,599,39,38,2,75,467
582,484,2,9,6,107,611,209,9,111,581
519,160,4,1,5,476,612,495,9,38,582
583,485,8,4,1,275,613,31,1,54,522
584,263,3,2,8,600,555,241,11,1,583
585,486,12,9,2,601,401,343,7,54,584
586,487,12,7,6,602,583,474,12,77,330
587,488,11,4,3,42,552,454,6,51,585
588,489,7,9,7,79,484,406,10,117,586
589,490,7,6,2,67,6,6,3,108,508
590,136,8,3,4,580,614,496,11,25,359
257,238,8,2,6,603,615,497,10,107,587
591,491,1,6,5,206,137,430,6,1,491
592,492,5,9,8,314,302,266,4,84,476
593,309,3,8,6,604,336,120,5,83,588
248,479,5,5,6,206,616,498,9,2,96
594,493,8,10,7,489,277,248,10,16,58
104,102,12,2,5,605,617,499,12,94,589
456,282,6,3,3,147,448,377,4,61,590
380,297,4,7,4,606,339,297,3,44,591
595,494,1,1,1,607,618,496,10,110,592
473,414,6,5,10,607,619,500,4,54,593
596,126,7,5,2,310,620,445,12,93,594
597,304,1,4,9,212,79,76,5,6,595
598,435,3,4,4,304,621,501,10,112,190
599,495,9,4,8,608,622,128,6,12,67
257,238,8,3,7,258,49,48,2,43,44
243,229,10,7,6,609,623,502,12,83,575
532,450,12,2,8,610,624,64,1,112,596
447,323,1,2,4,310,625,503,12,109,262
485,422,4,4,1,611,327,287,9,47,79
43,42,4,4,4,11,626,504,12,51,160
124,121,10,2,4,263,627,234,5,72,25
342,175,8,2,9,263,574,469,3,12,93
600,496,6,10,5,468,488,497,5,103,497
601,497,4,1,2,612,628,13,11,71,65
602,498,2,2,4,408,629,152,9,22,597
543,499,6,8,4,613,247,224,9,73,598
75,73,8,10,6,401,142,136,6,122,269
493,427,3,1,6,548,49,48,7,108,301
300,274,2,1,10,614,630,505,5,65,244
74,72,1,3,5,615,549,451,3,14,475
603,500,12,10,4,616,631,356,4,46,484
604,501,11,1,7,175,632,463,8,25,599
605,278,5,3,5,296,633,506,10,5,431
320,289,6,5,9,617,634,448,4,22,600
117,402,2,5,6,618,13,304,2,5,315
606,502,10,3,3,619,635,136,6,86,601
607,503,4,7,3,620,636,324,4,100,114
608,188,12,5,7,95,637,507,8,126,602
577,441,1,1,5,621,504,420,5,35,392
420,7,8,7,2,140,638,190,9,24,137
57,56,10,6,8,97,379,508,8,44,603
280,504,7,8,8,622,639,283,1,79,75
609,505,9,7,1,623,640,509,11,19,604
555,462,3,6,5,624,641,330,7,5,605
361,325,10,10,6,324,263,54,7,124,606
610,506,7,4,9,625,317,280,6,112,607
33,32,12,10,8,626,642,481,6,1,608
114,110,1,1,6,361,222,202,12,120,110
611,173,9,9,4,65,643,510,7,105,242
40,507,11,10,4,627,199,181,4,117,609
21,21,4,6,6,235,359,312,9,63,610
612,508,3,6,1,511,644,393,9,23,303
613,509,11,7,10,628,206,187,3,103,611
3,3,9,3,10,243,645,379,3,81,612
614,28,4,10,5,496,53,52,5,86,176
451,396,9,6,1,629,251,42,3,102,527
615,310,5,7,9,630,383,327,12,45,613
45,44,6,1,9,631,179,42,12,117,614
145,510,12,2,4,632,57,56,4,91,615
616,511,11,7,3,585,355,150,10,79,616
539,5,8,4,3,633,646,99,3,57,236
330,135,3,3,10,92,130,125,6,67,93
32,512,1,1,9,634,127,122,5,82,617
617,181,9,5,3,360,263,54,8,101,618
523,66,9,6,7,554,95,511,10,32,196
405,358,7,1,2,184,647,512,10,96,465
215,204,8,8,3,635,533,441,9,122,329
618,513,12,2,6,272,648,513,1,38,400
272,249,4,7,6,568,481,514,2,19,317
213,202,5,10,9,49,553,427,4,98,619
414,363,5,8,2,164,509,245,4,99,110
619,514,3,6,8,636,649,515,4,62,255
620,177,7,2,1,637,650,516,2,25,128
417,365,9,2,1,394,651,517,9,118,620
621,515,4,7,8,358,509,40,6,82,174
622,406,7,10,6,606,652,518,6,15,621
623,516,11,4,6,638,172,109,8,88,622
624,432,5,5,5,224,537,443,7,16,623
404,175,6,3,2,639,653,519,2,44,149
625,517,11,7,10,357,623,502,7,2,624
139,135,12,9,3,640,654,375,8,100,625
626,518,9,8,1,1,655,177,6,57,279
590,136,1,7,8,584,656,22,3,66,626
627,519,10,10,2,277,657,369,11,3,627
628,102,3,6,4,446,469,390,10,117,549
113,109,12,9,9,195,627,234,12,122,408
19,19,12,8,6,641,277,376,9,99,198
480,287,5,2,3,642,658,520,5,104,575
629,128,3,7,2,62,659,13,6,101,288
310,281,6,10,3,643,660,521,3,98,628
630,73,4,5,1,428,508,241,9,48,629
595,494,3,2,8,387,576,471,4,56,630
596,126,8,3,3,490,47,46,1,28,263
315,285,6,10,9,644,492,411,1,10,631
631,520,8,4,6,541,629,152,1,19,467
632,521,4,9,9,645,67,66,10,28,632
204,390,12,1,2,646,14,14,12,85,128
90,88,11,1,8,625,661,522,4,94,493
32,45,11,2,6,647,64,63,9,87,633
347,276,9,5,5,335,662,523,1,52,634
329,16,10,10,5,648,430,524,2,118,635
108,106,10,10,3,649,480,525,5,119,481
102,100,8,9,9,650,190,172,6,48,636
93,91,9,6,7,181,33,32,8,105,26
185,178,9,9,4,507,663,17,4,17,337
248,232,7,9,6,651,664,526,6,84,68
633,39,1,10,7,203,130,125,2,7,6
605,278,5,9,3,652,113,13,3,50,57
