1,1,1,1,1,1,1,1,1,1
2,2,2,1,2,2,2,2,2,2
3,3,2,2,3,3,3,3,3,3
4,4,2,3,3,4,4,4,4,4
5,5,3,2,4,5,5,5,5,5
6,6,3,3,4,6,6,6,6,6
7,7,3,1,4,7,7,7,7,7
8,8,3,3,1,8,8,8,8,8
9,9,1,3,4,9,9,9,9,9
9,10,4,2,2,10,10,10,10,10
10,11,5,2,4,11,11,11,11,9
2,12,4,2,2,12,12,12,12,11
11,13,1,4,3,13,13,13,13,12
6,14,1,2,4,14,14,14,14,13
12,15,2,3,3,15,15,15,7,7
13,16,1,4,2,16,16,16,15,14
14,17,2,1,4,17,17,17,16,15
15,5,6,1,1,18,18,9,17,13
16,18,6,2,2,16,19,5,18,11
17,19,3,3,4,19,20,18,19,16
16,20,4,4,4,20,8,8,20,17
18,21,3,4,2,21,13,19,21,18
19,22,2,4,1,22,21,20,22,19
20,23,4,4,4,23,22,21,23,9
1,24,4,1,3,10,23,22,24,20
21,25,1,1,1,19,3,23,25,21
22,26,2,4,3,24,24,24,26,22
23,27,2,1,1,25,25,25,27,23
24,28,3,1,4,13,26,14,28,13
7,29,3,1,3,5,27,26,29,24
25,30,5,4,3,26,3,3,6,6
26,31,6,3,4,9,28,27,30,21
27,32,1,3,1,27,29,28,31,25
7,33,3,2,4,28,30,29,32,26
28,34,2,4,1,26,31,30,33,27
29,7,2,2,4,29,30,31,34,28
16,35,5,2,3,30,32,32,35,26
5,12,2,2,2,23,33,32,36,15
30,36,2,4,4,31,34,33,37,3
31,37,5,4,4,32,24,34,38,29
18,38,6,3,1,26,35,29,39,16
32,39,4,2,3,33,36,23,40,30
33,40,1,1,2,34,37,22,41,31
34,41,3,4,3,14,38,7,37,3
23,42,6,3,1,35,8,8,42,19
26,19,1,2,2,36,39,35,43,17
35,33,5,4,1,25,19,5,44,32
36,12,2,1,1,25,10,36,45,33
4,11,2,3,2,9,1,29,46,34
37,43,2,4,4,33,40,37,7,35
38,44,5,3,1,37,14,38,47,36
39,45,4,4,3,38,41,39,32,37
40,11,6,1,2,10,42,28,48,13
41,46,4,4,2,39,21,19,49,1
42,47,6,2,1,40,13,40,50,38
43,48,5,3,2,41,43,34,51,39
38,49,2,4,4,38,44,22,45,40
12,50,1,4,4,42,28,27,52,5
8,51,4,4,1,43,45,16,40,38
44,13,1,2,3,44,46,41,20,17
45,52,1,1,1,4,47,9,53,39
46,53,6,2,1,45,48,35,54,41
6,54,1,3,3,27,22,21,40,42
47,35,6,2,3,46,49,42,34,43
48,1,6,2,4,18,44,31,14,1
49,3,2,4,3,47,33,32,50,38
48,12,3,3,2,9,50,39,50,38
41,17,2,4,1,48,51,2,55,2
22,55,1,3,3,6,52,20,56,44
50,56,2,2,3,3,29,43,57,21
51,35,2,3,4,49,25,13,26,45
52,57,6,1,4,5,53,22,58,46
47,31,3,3,1,30,54,25,59,47
51,58,2,1,1,25,17,42,35,26
51,59,4,1,3,20,54,1,60,48
33,60,6,1,2,50,50,6,34,43
53,52,1,2,3,37,32,1,18,11
27,55,3,3,4,6,27,26,33,8
54,61,1,1,2,51,55,39,28,1
45,62,1,3,2,52,56,3,61,49
55,63,3,3,1,30,5,17,62,46
56,36,2,2,2,40,57,44,33,28
49,52,1,4,2,53,33,32,63,23
20,61,6,3,1,9,58,43,37,3
8,54,1,4,3,1,12,45,64,6
53,64,2,1,4,54,37,46,4,32
57,65,1,4,3,32,17,17,62,50
58,60,4,1,4,8,59,6,65,2
59,36,5,3,2,55,34,26,23,9
26,13,4,3,1,42,60,7,58,7
14,66,3,1,1,56,20,18,1,42
59,67,2,1,3,57,61,47,66,38
10,68,4,2,4,35,51,45,67,51
60,69,6,1,4,58,32,48,49,29
4,70,5,1,4,59,62,29,68,52
61,48,4,3,3,58,17,17,69,27
8,39,3,2,2,60,60,49,34,53
62,53,3,2,4,40,39,35,70,54
47,42,1,2,1,19,17,17,62,23
34,65,2,3,4,61,50,48,34,43
56,61,1,4,4,19,51,34,44,55
10,71,5,4,2,22,63,50,71,56
63,59,2,2,3,50,64,51,72,38
51,70,1,2,1,45,65,52,34,57
6,72,6,1,3,33,66,17,73,58
64,36,3,4,2,62,67,53,74,5
29,73,5,2,2,63,68,25,55,59
48,20,2,1,4,64,69,50,75,34
19,74,1,2,1,32,16,6,76,50
65,18,1,2,1,65,9,50,77,60
66,75,1,4,2,57,56,45,41,48
25,70,2,2,3,66,53,54,78,60
67,76,2,4,2,67,70,44,79,2
68,77,5,3,2,7,12,4,65,61
69,78,4,2,2,17,20,18,80,3
54,47,5,3,1,49,71,46,22,62
55,62,4,2,3,68,72,9,81,3
70,79,4,3,2,69,73,52,70,63
10,74,4,4,2,23,51,55,57,20
14,44,4,1,2,36,74,33,81,59
71,58,6,1,1,6,75,56,38,7
45,80,4,3,2,39,76,22,43,12
71,81,2,3,4,70,33,32,82,19
66,50,3,2,4,71,21,20,54,55
59,16,5,3,4,72,77,25,16,13
34,64,4,3,4,73,78,28,39,42
33,75,4,3,4,74,11,11,83,9
72,30,4,1,4,59,79,57,84,44
40,17,5,4,2,43,55,8,59,47
73,48,4,4,2,12,51,34,85,33
74,82,5,4,3,75,56,12,3,38
56,70,5,2,1,37,25,7,86,64
75,16,3,2,2,30,47,9,41,48
56,83,2,1,2,26,8,8,38,7
76,17,5,1,1,76,48,47,87,37
56,45,5,2,4,12,46,58,35,54
77,7,5,1,4,47,80,37,23,28
78,40,3,3,2,5,81,29,71,22
79,84,2,4,1,10,56,50,15,14
67,8,1,4,1,69,31,30,24,38
8,85,4,4,4,35,14,14,14,65
9,86,2,4,1,76,33,12,15,2
80,87,6,3,2,12,66,17,24,18
14,88,5,4,4,53,82,15,83,38
67,23,4,3,4,74,17,17,88,34
19,89,2,1,2,56,6,1,60,56
80,90,1,4,3,32,83,7,51,61
81,91,1,1,1,77,84,59,15,2
66,12,2,3,1,78,58,40,9,35
82,92,4,1,3,58,27,26,89,40
83,58,4,1,2,72,85,60,42,66
26,93,1,1,4,5,34,49,62,50
8,94,2,2,2,32,86,46,56,18
35,53,3,3,4,46,87,47,90,67
52,95,4,2,4,39,21,20,86,5
84,77,3,1,2,23,88,61,91,68
3,74,4,2,2,1,25,13,92,69
63,50,3,4,4,53,21,20,16,70
49,2,3,4,2,28,26,62,26,22
71,58,3,1,3,20,89,63,93,53
27,44,1,4,4,42,9,6,59,63
71,43,6,1,2,30,20,16,26,22
33,74,3,2,1,42,90,64,24,31
28,56,6,3,4,45,87,47,46,45
19,96,4,2,3,26,91,25,94,58
85,63,5,3,2,21,6,65,37,71
86,92,1,4,4,42,71,46,57,20
28,62,6,4,3,46,92,41,21,52
86,81,3,3,1,7,24,24,29,13
19,53,3,4,4,5,61,57,39,67
87,6,1,2,3,51,13,42,19,56
86,97,6,1,2,17,93,29,95,33
69,12,4,4,1,12,82,15,21,18
10,14,2,4,4,70,24,8,70,63
36,98,2,3,4,24,76,66,18,16
88,79,1,4,4,42,35,29,42,66
89,6,5,4,3,55,46,63,72,24
50,1,3,4,2,73,6,43,96,60
64,12,4,1,1,10,63,63,64,47
6,99,3,1,2,74,15,62,97,32
90,62,4,4,2,42,74,50,92,36
91,5,1,3,1,79,9,9,57,20
10,88,2,4,2,63,42,56,57,20
7,29,3,3,1,12,94,56,98,72
46,91,5,3,1,67,34,34,55,28
29,55,2,3,3,80,5,17,97,66
62,7,4,1,3,18,41,67,45,71
1,51,2,3,2,81,3,66,80,49
57,77,3,1,4,13,16,16,26,22
29,51,1,4,1,60,1,42,45,71
11,14,2,3,1,41,8,63,99,56
48,1,1,3,4,22,29,53,100,9
11,58,1,2,1,81,58,40,42,66
70,60,2,3,1,8,95,7,100,24
72,20,6,2,1,45,43,34,25,50
42,32,6,3,2,82,39,35,80,62
92,19,1,4,1,29,96,2,19,4
3,90,3,2,4,56,19,68,46,54
75,63,2,3,1,12,97,69,93,49
62,7,3,3,1,10,24,24,99,6
33,82,3,2,4,61,68,15,67,51
93,24,2,3,1,69,63,50,40,5
60,100,5,3,4,83,81,29,100,46
22,37,1,3,4,81,21,19,33,50
48,23,5,1,1,84,2,33,38,7
90,54,3,3,3,9,8,8,89,40
86,84,6,1,3,67,17,34,28,48
49,101,6,2,2,49,80,6,33,73
85,31,2,4,3,3,98,24,101,43
94,49,6,2,4,71,13,42,91,64
35,102,3,2,3,5,47,9,92,44
95,103,5,2,3,1,72,28,71,43
26,104,6,1,2,71,46,65,19,56
92,31,5,4,2,76,16,16,54,10
58,91,6,1,2,24,59,6,102,6
19,91,6,2,4,42,19,5,11,7
54,63,6,1,4,51,25,45,42,5
47,48,6,3,3,25,99,60,103,8
81,99,6,3,4,5,53,25,41,71
71,25,2,1,4,54,97,9,16,4
42,47,4,1,2,32,80,56,69,35
96,65,3,2,1,57,11,11,91,61
97,44,6,1,4,58,98,49,73,33
98,105,5,3,4,85,98,70,32,19
39,8,3,1,1,43,43,1,11,24
41,58,4,2,4,43,36,25,25,3
92,104,4,3,3,23,51,54,20,57
19,14,6,3,1,86,57,44,11,12
43,5,3,1,1,14,72,28,81,59
33,89,2,3,2,69,35,3,55,28
46,106,6,2,1,66,98,61,76,50
79,60,4,4,4,56,62,71,23,9
37,58,6,4,1,46,9,56,104,5
99,45,2,1,4,40,70,72,23,16
56,44,2,2,2,49,68,25,47,36
78,104,2,3,3,85,86,11,7,7
42,60,3,3,1,14,2,33,1,47
95,63,4,2,3,33,100,69,88,1
16,21,4,2,1,45,101,3,84,31
44,76,2,1,1,29,21,20,105,30
66,19,2,2,4,12,102,69,33,50
97,86,2,1,2,49,83,25,52,12
8,50,4,4,3,39,1,2,65,25
4,21,2,3,3,31,64,26,62,50
100,56,3,3,4,9,23,7,27,57
84,53,5,4,2,6,87,4,93,20
36,107,5,2,1,64,103,16,54,60
28,69,1,3,2,51,37,73,51,59
72,50,2,1,1,39,104,74,104,9
15,89,5,1,3,29,10,10,49,23
81,50,1,1,1,79,23,7,55,44
96,15,2,3,4,47,20,18,12,19
101,12,3,4,2,28,30,31,15,71
32,42,5,1,2,47,54,44,63,13
21,22,5,4,4,53,48,5,100,7
29,104,4,4,1,68,29,43,3,50
47,34,1,2,4,13,60,23,33,73
91,11,3,1,1,87,104,22,83,11
44,108,4,1,3,23,56,50,106,28
43,86,6,4,2,19,105,66,103,8
64,77,2,2,2,40,87,47,12,6
102,87,6,4,1,23,55,70,55,28
40,85,2,4,2,61,32,36,26,22
98,109,6,1,1,36,78,49,73,7
10,75,5,1,3,72,20,18,11,10
9,70,4,2,1,17,82,64,44,72
3,108,1,3,2,80,61,2,69,12
17,9,5,4,1,12,72,28,89,40
85,87,1,2,1,67,1,26,107,52
1,1,4,4,2,56,25,13,108,3
54,74,3,4,1,54,47,23,83,30
77,7,5,3,2,61,58,40,32,26
38,64,5,2,4,70,106,58,35,60
2,7,5,4,1,86,72,41,103,57
80,27,1,2,3,21,105,73,100,9
103,21,2,4,3,36,51,54,64,6
44,14,4,1,1,77,32,36,109,64
91,60,5,1,1,41,75,1,104,9
27,84,4,3,4,13,87,47,32,26
59,58,4,3,3,18,76,22,19,7
49,91,4,3,4,56,64,67,96,60
34,101,4,4,2,45,37,70,41,22
38,94,4,3,4,88,15,62,21,19
80,49,1,2,2,39,53,25,110,45
22,80,5,4,3,34,2,33,70,63
57,84,6,4,3,30,78,49,111,38
44,107,3,1,4,36,63,50,9,72
70,25,2,1,1,87,74,68,112,60
51,45,3,3,2,59,17,21,74,25
83,18,2,3,4,49,76,22,113,34
98,68,5,2,1,69,35,1,27,64
60,73,2,3,4,61,73,53,62,50
77,83,1,2,2,77,85,19,102,13
29,13,4,2,1,41,88,3,85,33
104,12,4,2,4,12,107,34,104,9
77,7,4,1,3,42,100,69,33,48
40,50,3,4,2,89,107,55,18,11
89,72,1,2,1,68,67,15,79,14
64,50,6,3,4,45,23,7,99,38
37,59,4,4,3,80,93,15,59,53
87,10,3,2,2,60,103,69,51,39
105,102,6,4,2,87,20,18,112,17
44,110,1,4,1,37,65,75,114,72
66,7,4,2,1,83,8,62,115,3
25,12,1,4,2,58,47,9,66,40
62,100,3,3,1,70,18,55,13,12
9,79,1,1,4,10,26,14,28,60
72,30,6,4,3,33,57,44,113,56
90,108,5,4,2,45,36,10,5,29
7,41,2,2,2,40,67,53,53,39
98,111,4,1,3,12,37,73,54,40
41,18,6,1,1,63,39,23,68,49
98,24,6,1,2,73,89,63,73,58
37,40,1,4,4,26,108,10,76,25
38,64,1,1,2,15,108,10,51,33
40,101,4,2,3,71,34,49,110,27
57,93,5,4,2,72,60,8,10,15
3,83,3,4,3,23,66,17,115,58
41,110,2,2,2,48,45,16,55,38
16,64,2,4,1,26,108,10,1,27
80,16,5,3,2,34,69,74,79,2
106,92,6,4,1,40,62,56,56,6
72,78,4,2,2,72,34,33,51,49
107,112,6,2,4,48,63,11,110,45
49,51,5,1,4,72,14,8,89,40
56,2,3,2,4,90,88,53,63,23
99,73,3,4,1,45,109,66,108,23
85,21,5,3,4,59,1,26,81,5
10,112,6,1,2,40,20,18,70,63
33,2,5,2,1,26,18,55,99,39
92,23,5,4,4,37,74,8,52,1
3,17,3,1,3,64,43,34,90,44
98,113,5,1,4,76,86,37,84,5
28,45,3,2,2,31,49,51,23,9
44,110,4,3,3,91,58,1,86,19
108,13,3,4,4,5,31,30,111,52
9,97,6,3,2,12,77,30,6,6
33,112,6,4,3,41,100,2,74,5
5,79,3,3,3,87,21,19,26,22
47,50,1,4,1,66,90,24,36,10
104,13,1,1,3,88,104,47,22,19
30,114,2,2,2,40,110,76,35,26
101,83,4,4,3,20,83,40,93,54
96,37,1,3,4,72,102,69,37,56
80,64,1,1,2,27,98,61,54,10
73,66,2,1,2,60,109,29,36,14
7,29,6,4,3,46,111,67,35,69
27,1,1,2,4,77,13,42,35,26
32,85,2,3,3,61,72,28,41,23
45,56,3,2,1,17,8,8,5,29
72,44,3,2,2,77,46,20,81,59
14,47,2,4,3,9,52,1,63,23
2,90,5,2,2,53,108,6,79,52
47,54,5,4,3,43,84,77,73,20
105,43,4,1,4,8,94,30,59,47
35,66,5,4,4,84,53,38,64,6
40,24,1,3,1,83,38,7,78,66
93,17,6,3,1,29,52,1,1,27
40,14,4,2,3,84,83,77,82,37
107,113,3,1,3,64,18,53,60,56
62,74,3,3,2,14,44,31,28,1
85,98,3,1,4,13,112,34,28,1
52,114,5,4,2,56,93,15,53,39
85,88,3,4,3,31,48,48,59,64
36,47,1,3,3,87,100,69,85,33
109,43,6,2,4,85,75,57,24,74
25,27,4,3,1,32,56,50,85,13
98,78,3,3,1,60,67,53,116,66
103,83,2,4,1,11,64,45,65,48
95,112,6,4,2,51,69,58,28,1
21,80,6,2,1,71,50,48,99,38
85,20,3,2,3,45,31,60,77,47
81,33,5,4,3,55,6,43,8,74
108,5,4,3,1,27,100,15,77,58
87,56,2,1,4,81,45,50,10,12
84,65,1,3,4,14,60,23,110,45
58,27,6,4,1,75,57,44,60,44
97,88,6,4,2,9,37,73,107,52
97,19,1,4,3,53,25,13,90,35
22,55,4,4,1,32,39,39,69,72
62,15,1,4,1,66,80,37,34,43
54,81,5,2,2,60,53,77,40,41
71,107,1,3,2,31,1,26,104,9
104,19,1,1,4,32,73,17,107,69
39,65,4,4,2,40,82,16,32,54
110,46,2,4,2,17,84,59,8,47
78,29,6,2,1,15,105,64,77,9
11,90,6,4,1,48,48,29,79,2
35,114,4,2,1,18,109,34,5,10
7,66,4,3,4,74,84,36,4,3
59,101,6,3,1,34,62,11,78,60
74,9,2,3,3,42,86,26,69,8
91,54,5,1,3,11,46,45,88,40
9,65,6,4,1,38,101,14,21,18
85,44,1,1,2,40,78,16,54,31
58,2,5,1,2,47,34,49,42,66
110,91,6,2,4,48,109,34,23,9
3,64,2,3,4,49,76,67,14,65
91,58,6,4,1,36,68,25,11,17
63,64,6,1,4,41,48,47,71,56
93,69,1,3,3,29,80,62,85,51
29,11,5,1,4,23,34,77,43,47
38,60,5,2,4,29,90,64,71,56
77,31,6,1,1,61,46,10,17,1
31,81,1,2,4,90,14,14,22,30
65,79,3,3,2,9,113,75,115,62
90,40,5,1,1,53,11,69,81,59
2,85,1,1,4,71,103,16,43,70
89,58,2,4,1,40,37,73,16,9
66,43,5,4,2,38,39,35,17,1
36,54,1,2,1,35,83,77,19,56
38,85,5,2,1,26,36,25,9,40
101,36,5,1,2,4,87,77,112,69
28,87,1,3,4,73,70,72,25,72
78,86,4,4,3,77,13,3,116,24
111,63,6,1,4,36,102,30,55,28
31,26,6,3,1,88,8,8,56,37
16,35,4,2,2,77,63,50,85,33
52,30,4,3,4,33,19,46,39,39
12,36,2,4,4,40,70,72,48,8
96,22,5,1,1,72,64,56,36,75
112,29,6,1,2,6,26,14,113,38
33,115,3,1,2,91,41,39,71,56
84,57,1,1,1,20,103,32,65,61
31,114,6,1,3,43,1,26,45,7
2,5,6,2,4,85,51,27,52,5
61,54,1,4,2,75,114,71,81,59
45,9,1,2,4,84,106,7,105,30
33,76,6,4,4,19,105,49,95,76
113,112,5,1,3,11,83,77,16,15
23,8,1,2,2,33,4,61,7,5
58,114,5,1,2,45,68,25,70,44
103,84,4,1,4,8,91,17,96,60
108,21,3,1,1,14,79,75,99,59
14,84,4,1,1,19,74,68,18,11
29,116,2,1,2,67,25,13,46,41
20,37,3,4,4,5,33,75,14,33
91,16,4,3,2,5,68,25,86,51
7,29,2,1,3,36,36,51,89,37
52,83,5,2,4,20,87,47,42,32
39,89,4,1,2,51,53,38,76,50
49,35,6,2,1,45,110,45,35,26
64,15,6,4,2,45,79,57,112,17
72,117,2,3,2,1,18,55,104,53
98,5,5,4,2,9,115,41,90,67
3,29,5,1,2,65,100,17,24,31
93,64,2,3,3,41,87,47,50,6
111,98,2,4,2,38,43,34,95,49
6,105,6,1,2,73,106,25,28,1
14,9,5,3,2,61,62,71,17,1
9,9,1,3,1,79,46,68,105,30
92,81,1,2,3,32,100,69,11,77
15,77,2,3,3,90,40,37,1,1
100,34,5,4,2,57,21,20,12,24
36,99,3,2,3,32,36,25,10,10
21,11,5,2,3,82,43,34,51,39
102,71,4,1,3,29,16,14,26,22
110,20,1,3,4,14,116,74,63,23
97,24,5,4,1,1,18,2,29,50
66,78,6,3,2,42,13,42,100,31
64,66,6,1,4,63,74,59,55,28
34,83,5,2,4,29,19,68,12,19
108,90,5,3,1,90,60,23,114,72
98,19,4,4,3,77,102,15,37,56
5,30,6,3,2,12,116,36,117,42
14,81,1,3,2,58,1,26,64,6
11,11,3,4,2,38,87,32,13,12
98,87,3,4,4,43,57,44,82,38
89,14,3,1,2,6,95,7,7,7
84,23,3,2,4,41,72,28,37,76
56,27,4,2,3,70,32,48,89,57
58,34,5,2,1,37,107,70,76,24
36,21,2,1,2,59,117,57,5,32
72,40,1,2,4,14,20,54,95,76
5,80,6,3,1,82,108,47,49,9
107,106,2,1,1,32,87,47,57,19
111,105,6,4,1,60,53,9,106,28
4,42,5,2,4,57,66,53,4,4
97,30,6,3,4,4,50,48,61,9
46,7,6,2,4,27,87,47,32,26
94,33,2,3,2,71,53,31,104,77
110,62,5,3,2,61,98,48,116,24
58,91,1,3,4,14,60,23,46,54
101,79,1,2,1,72,39,31,33,38
34,83,4,3,1,36,104,21,43,70
18,102,6,4,2,37,82,75,22,28
42,87,1,2,1,19,21,5,69,53
51,73,1,4,1,92,72,70,34,72
20,9,6,3,3,33,109,53,98,68
82,22,2,4,3,65,72,28,112,31
39,61,1,2,1,57,12,12,111,2
40,108,5,2,4,35,40,37,107,9
106,15,5,4,3,91,114,53,78,41
13,79,6,3,2,6,103,26,41,10
53,102,4,4,1,12,93,15,115,75
50,104,6,1,4,37,67,46,113,35
34,90,2,2,3,14,81,29,98,4
6,115,1,3,2,51,48,40,8,39
70,64,3,2,1,68,24,9,13,19
43,41,6,4,3,16,72,43,84,44
104,113,1,4,4,76,72,28,14,57
4,53,5,3,1,12,107,70,46,9
44,102,5,4,4,32,9,9,70,63
114,94,4,4,1,60,30,31,97,67
53,13,1,3,4,4,41,62,56,6
26,66,3,3,3,54,34,44,71,48
42,87,5,3,3,25,27,19,63,23
21,55,2,1,1,6,85,78,109,17
21,89,6,3,2,40,45,16,90,24
98,38,5,4,2,53,49,70,106,28
81,113,3,1,2,82,41,39,73,46
104,94,1,2,2,25,72,72,114,60
100,10,3,1,1,38,56,54,42,66
106,94,4,3,3,77,114,71,47,36
15,4,3,2,4,42,113,13,93,53
84,11,6,3,1,30,65,75,26,22
71,81,6,2,4,85,22,21,28,41
115,38,5,1,1,72,93,32,39,72
85,113,6,4,3,48,1,27,111,38
89,103,3,1,3,9,82,15,22,19
58,78,5,2,4,72,75,30,89,40
114,79,5,4,3,92,70,77,104,12
106,7,2,1,1,25,84,7,15,2
62,34,1,2,2,22,105,6,64,8
51,70,2,4,1,26,97,79,74,5
97,34,2,4,3,28,14,50,3,3
28,43,4,1,1,78,108,10,16,15
98,58,5,3,4,32,48,47,118,19
33,110,5,1,3,24,32,36,89,40
73,112,2,3,3,37,74,53,54,10
85,26,1,4,4,82,42,30,107,55
65,17,5,1,4,67,30,31,114,47
55,77,1,4,4,42,31,30,10,74
24,84,2,2,3,3,24,74,74,5
86,107,1,3,4,47,5,17,27,13
116,6,4,3,1,24,49,51,47,32
113,40,4,4,1,4,16,64,81,59
36,49,1,2,2,5,9,45,32,26
86,89,1,2,1,23,62,59,56,6
107,22,4,2,3,52,5,72,74,14
52,102,4,4,3,82,117,34,15,2
83,63,4,3,1,40,30,15,71,56
68,78,6,1,2,30,65,75,3,44
50,88,1,1,2,64,77,12,25,64
18,44,4,3,3,28,93,53,61,49
102,71,5,2,3,11,93,41,97,32
1,78,4,1,4,11,89,63,113,35
21,80,4,4,1,38,103,16,56,6
76,53,1,4,2,30,32,36,42,3
110,102,6,2,1,66,61,2,27,57
11,48,3,1,3,64,34,49,26,2
16,91,6,1,2,30,97,37,83,11
87,14,6,4,1,62,32,36,86,48
78,78,1,2,2,1,102,8,1,64
53,2,3,3,3,79,56,50,27,57
55,14,3,1,3,52,63,26,98,39
29,58,1,3,4,14,69,74,18,11
8,71,1,3,3,1,101,80,7,20
113,38,6,4,1,52,7,19,12,28
10,68,3,1,4,67,117,31,117,42
106,107,5,2,4,29,52,8,105,42
91,7,2,2,3,38,67,53,4,4
62,84,1,3,4,14,68,25,30,72
97,68,1,4,1,60,101,2,76,69
101,36,2,1,1,22,13,42,56,57
91,8,6,4,2,19,40,37,45,50
30,11,6,4,2,44,101,23,7,7
70,26,2,4,3,25,49,51,119,36
98,55,1,2,4,35,29,42,72,58
108,24,3,3,4,41,118,23,73,58
47,1,4,2,4,52,46,28,113,32
85,38,5,1,1,7,19,5,41,48
63,76,4,3,2,62,101,80,49,72
113,81,5,4,3,30,111,67,7,24
3,13,6,4,4,18,18,55,11,77
54,28,2,4,1,21,25,14,53,74
44,114,5,3,1,64,15,67,52,72
67,34,6,4,3,88,93,63,79,36
75,62,2,3,1,41,103,66,82,19
20,1,1,4,1,64,54,71,31,61
17,25,3,2,3,46,66,17,81,59
68,15,1,4,2,7,48,47,69,72
35,72,3,2,2,47,36,25,90,67
16,80,6,3,2,12,39,16,49,11
89,6,3,2,3,55,56,30,52,17
57,96,6,2,3,19,31,35,57,20
90,6,1,3,2,58,8,79,73,58
105,65,2,3,4,58,48,14,7,53
53,75,2,1,2,60,8,8,104,9
8,53,3,3,3,49,99,26,78,60
13,60,3,4,1,59,10,10,47,50
99,102,4,3,2,24,88,15,19,56
92,22,6,1,2,30,102,57,115,62
56,67,3,2,1,25,73,65,3,34
5,87,4,2,2,12,49,63,62,50
58,32,4,2,4,53,61,2,26,49
91,80,2,2,3,3,37,73,72,24
83,27,4,4,2,56,80,10,27,10
102,15,4,2,1,4,64,61,119,75
108,118,3,2,3,32,11,45,61,2
11,11,4,1,4,87,3,3,70,63
57,74,4,2,2,70,26,8,91,68
57,76,2,3,4,8,75,66,36,11
85,75,2,1,4,57,61,2,44,55
58,49,6,4,1,9,44,31,32,6
4,1,4,1,4,75,107,80,72,24
27,21,5,4,2,12,70,72,9,28
46,106,1,3,4,92,5,66,59,47
56,78,6,2,2,63,110,45,39,16
64,62,5,4,1,25,94,30,95,76
117,34,3,3,4,6,102,69,74,5
66,8,5,2,3,11,88,25,93,42
30,113,2,2,4,29,59,10,83,2
94,28,3,1,2,58,21,56,6,6
78,22,1,4,4,42,10,10,36,10
95,119,6,3,2,24,97,79,49,9
97,47,3,3,4,6,32,24,74,14
99,80,6,3,1,75,116,7,50,38
44,82,3,1,1,20,37,73,90,24
110,49,4,4,3,72,11,15,76,50
33,75,4,3,1,27,39,35,60,56
49,101,1,1,2,5,51,54,73,36
20,109,4,2,4,47,99,60,62,50
102,33,1,1,4,90,5,2,61,49
112,114,1,2,3,71,27,11,69,72
41,58,4,1,4,74,57,76,59,47
72,111,5,2,4,29,42,76,119,66
56,104,3,4,4,35,14,14,21,8
49,94,3,1,4,20,95,7,20,17
100,50,5,3,3,13,52,1,19,56
67,25,2,1,4,34,74,71,11,77
65,65,2,1,1,18,19,5,14,8
52,25,6,4,2,24,21,19,92,19
8,106,1,4,1,34,61,2,52,5
8,53,2,1,2,29,98,61,103,72
96,74,2,3,1,85,79,57,106,28
43,118,5,2,1,75,59,19,36,75
102,16,5,3,2,61,83,55,101,34
51,46,6,1,4,80,107,70,83,43
2,103,1,1,1,20,44,49,114,49
85,65,3,4,3,68,22,58,39,69
42,24,5,3,1,72,59,12,47,36
6,8,5,4,2,25,44,31,97,34
98,34,2,2,3,87,75,34,30,53
52,112,5,2,3,11,29,78,54,10
33,87,6,4,1,88,13,42,81,5
33,46,5,4,2,88,108,25,62,50
107,32,5,4,4,32,13,42,90,67
104,18,6,3,3,38,62,18,92,69
48,37,1,3,4,25,112,1,32,20
96,116,2,4,1,36,80,78,82,68
35,62,2,1,2,31,13,42,26,22
94,30,5,1,1,44,108,10,75,37
75,71,5,4,3,43,83,18,68,4
99,75,1,4,2,9,56,26,104,9
84,112,3,2,3,52,30,55,100,9
46,33,6,3,3,38,66,17,80,2
43,13,5,2,1,62,75,13,43,70
14,51,2,4,1,18,47,9,114,72
105,60,2,1,4,54,61,2,37,73
59,19,4,1,4,8,9,34,65,40
98,54,6,3,3,78,63,50,4,75
73,66,4,1,4,8,33,13,104,9
24,60,4,3,3,82,2,13,64,1
96,16,5,2,1,70,62,71,91,5
117,19,1,2,3,24,110,28,43,70
32,62,6,2,1,32,84,59,37,33
70,3,3,3,3,66,64,51,4,4
81,5,1,3,2,51,30,36,116,24
52,70,3,2,1,21,33,32,32,26
92,118,2,4,4,51,53,77,14,37
106,10,4,3,4,74,113,13,60,56
110,116,3,1,3,81,41,77,63,23
59,37,2,4,4,85,65,75,67,51
112,111,1,4,4,84,102,66,82,19
32,10,3,1,3,52,65,52,104,9
86,36,2,4,3,65,81,29,76,50
107,79,4,1,2,72,42,57,86,47
64,28,1,1,1,3,91,17,42,69
101,99,5,3,3,12,45,8,18,11
76,17,6,1,3,90,48,74,97,58
85,83,6,1,2,44,106,44,31,25
27,58,1,3,4,30,78,15,13,12
67,90,2,3,2,70,112,78,107,6
39,107,6,1,3,37,28,27,8,76
68,110,1,4,3,9,18,74,13,12
36,41,4,2,4,40,108,9,76,9
97,110,4,2,3,22,49,41,66,35
58,30,6,1,2,30,1,53,8,64
95,34,2,4,2,80,9,57,48,8
73,67,5,2,4,12,71,46,81,42
65,102,3,3,1,28,11,13,52,5
46,45,4,4,3,40,2,20,79,2
115,117,1,4,4,51,75,56,81,63
10,96,6,2,2,42,4,79,74,14
27,105,2,3,1,12,12,12,18,11
8,24,4,2,3,54,20,65,117,42
27,20,5,1,4,52,33,32,78,60
99,16,2,3,2,37,58,26,1,27
81,49,6,4,2,35,26,14,35,53
95,93,6,3,1,46,80,16,25,28
41,6,1,2,1,43,86,37,99,38
107,56,2,1,4,54,74,2,3,15
18,56,6,2,1,45,62,22,56,6
77,34,4,1,4,38,4,52,91,68
36,12,2,3,4,6,11,11,91,35
72,33,5,2,2,91,30,77,23,9
38,23,1,1,3,88,21,15,85,33
78,14,5,3,2,34,2,73,118,68
92,3,6,3,1,82,26,14,45,71
66,69,2,1,2,40,59,6,56,60
98,22,5,1,3,29,68,10,119,19
35,23,5,1,2,20,9,9,94,29
78,86,2,1,3,77,11,44,83,11
40,50,3,3,1,4,91,17,101,75
30,26,3,3,2,54,6,52,83,25
96,25,4,2,4,39,93,15,66,21
23,79,4,4,4,5,3,3,21,18
94,9,1,2,4,77,39,29,65,61
84,90,6,2,3,45,3,3,34,9
40,29,1,2,1,34,68,25,99,38
6,80,1,2,2,26,95,7,48,39
85,63,1,1,1,23,33,32,1,27
55,102,4,4,1,5,51,54,24,8
5,57,1,2,1,78,91,17,21,36
22,66,5,1,4,92,52,63,12,19
108,83,2,4,2,61,64,51,83,47
97,69,4,1,2,11,48,68,23,28
94,23,5,3,2,14,68,25,110,45
23,3,4,3,3,10,108,10,53,39
11,54,2,1,2,20,1,26,32,71
61,90,1,3,1,35,49,33,31,25
103,98,2,4,2,56,66,32,113,35
36,43,5,3,3,80,102,69,48,8
4,23,3,1,3,64,85,78,67,51
59,55,3,1,4,13,38,7,54,10
81,32,1,4,2,88,28,19,68,11
8,1,3,2,4,15,75,66,62,26
53,7,3,1,1,84,89,21,61,23
112,99,2,4,4,23,7,32,9,40
41,46,4,4,1,77,18,55,100,6
5,106,4,4,1,29,88,30,46,54
86,83,5,2,2,6,15,62,76,14
36,54,5,3,2,81,102,34,8,26
38,49,3,4,3,52,74,34,59,71
97,80,6,2,3,18,116,65,65,59
12,77,1,1,4,39,19,55,33,3
76,17,5,3,4,35,6,16,71,56
24,18,2,1,4,49,30,78,46,30
54,24,6,1,4,85,51,35,83,11
54,56,3,4,1,91,102,25,48,64
20,53,1,1,4,52,98,37,27,39
37,35,6,4,2,15,80,37,34,43
25,67,1,3,4,35,92,75,74,5
12,52,2,1,4,39,79,34,113,35
22,43,1,3,4,32,86,37,54,6
71,42,6,3,2,55,24,24,36,42
47,1,1,3,3,44,59,3,115,47
53,7,5,3,4,72,10,61,43,70
54,104,3,3,2,31,63,50,111,74
18,86,1,1,3,40,69,61,109,48
37,104,1,1,4,65,13,42,58,72
1,95,6,2,4,44,117,24,119,36
26,49,4,2,3,5,61,55,22,15
55,5,5,4,3,52,44,47,53,49
66,1,3,1,3,80,112,34,75,41
73,76,6,3,1,82,70,41,83,47
77,17,4,4,1,86,8,8,16,15
98,62,4,4,4,85,112,3,66,21
58,116,2,2,4,30,47,9,109,64
1,70,6,3,1,37,101,1,17,33
32,68,5,1,4,73,69,58,26,22
55,74,3,2,3,69,39,35,82,19
90,17,1,4,1,30,21,19,23,62
6,104,4,2,3,90,30,31,12,55
98,93,1,2,1,5,64,35,18,50
21,76,2,3,3,48,21,20,12,65
85,22,6,1,3,12,79,57,32,26
16,48,2,3,4,84,53,3,36,59
23,116,1,1,2,27,69,79,8,45
42,60,4,1,2,72,100,69,56,48
98,28,3,1,1,10,31,30,30,14
111,82,1,2,1,63,102,48,58,61
45,118,4,1,2,43,90,64,105,58
32,11,4,2,2,21,55,70,10,7
2,103,1,2,2,48,3,3,59,15
9,24,3,2,2,60,105,12,83,4
25,23,5,3,1,72,44,51,46,54
64,66,4,1,2,72,57,24,106,36
108,76,1,4,1,66,84,59,67,51
92,60,6,2,2,90,54,29,113,33
37,107,6,2,4,24,115,63,54,26
18,83,3,2,2,58,51,54,4,4
105,48,1,3,2,37,111,51,105,71
98,115,2,3,2,1,13,48,50,76
79,60,4,4,4,70,89,63,57,38
98,11,3,2,3,31,117,24,99,38
39,16,3,3,4,39,47,9,106,19
91,30,3,3,4,62,91,77,51,39
20,21,4,1,2,72,75,66,85,9
51,56,1,2,3,11,39,2,87,37
9,2,1,4,4,12,33,9,114,72
50,114,2,4,3,65,106,10,66,21
52,89,4,4,3,5,9,9,9,29
18,116,3,4,3,75,8,8,79,63
52,3,3,4,3,20,48,79,76,60
72,26,3,1,2,10,53,71,19,43
109,90,1,2,4,84,77,11,73,34
56,70,4,4,1,56,89,3,7,7
75,99,1,3,4,14,59,6,25,17
72,7,1,3,4,14,84,59,66,23
52,65,6,3,1,82,33,32,35,37
15,94,5,2,2,13,76,49,4,51
40,102,4,4,1,84,66,17,97,32
79,49,5,4,4,53,53,36,26,22
81,27,2,3,3,1,116,34,29,70
105,78,2,4,3,1,85,78,41,28
31,14,5,4,4,56,51,34,112,17
106,4,4,3,3,17,86,37,76,47
72,31,2,1,1,1,78,49,84,44
101,6,4,3,3,42,77,20,40,41
53,25,3,1,2,10,111,25,50,23
29,21,6,1,1,67,5,32,107,45
20,105,4,3,2,22,61,78,78,60
15,83,5,2,4,29,25,30,47,36
85,41,5,3,3,47,29,43,56,27
62,84,4,1,1,42,90,53,73,53
4,77,3,3,1,30,4,21,112,11
64,86,3,4,3,31,114,6,5,29
75,78,1,1,2,79,58,40,10,17
36,109,4,3,2,79,44,1,97,32
11,117,5,1,4,56,30,31,73,31
13,109,5,4,1,12,57,12,25,17
89,47,5,1,3,42,65,1,5,29
1,25,1,1,3,43,88,3,52,77
90,1,1,1,4,32,95,79,93,42
1,84,3,1,4,71,91,34,38,73
115,75,6,4,4,32,26,14,72,74
116,66,6,1,4,42,11,11,101,58
83,91,2,2,3,3,7,19,34,43
34,16,2,3,2,1,51,54,12,19
101,46,3,1,3,5,52,1,74,15
55,33,5,2,1,7,108,10,71,56
114,21,4,4,4,9,42,36,106,28
64,76,1,3,3,32,93,7,112,13
15,85,2,4,2,40,95,53,53,1
98,71,3,2,1,76,29,72,5,33
38,52,3,3,3,84,69,30,8,74
81,46,1,3,2,51,14,62,3,16
103,60,3,1,2,10,14,76,118,56
30,54,2,1,3,46,33,32,3,14
77,117,2,1,4,91,60,23,25,17
88,81,3,4,2,71,118,23,101,75
34,72,1,3,4,49,116,65,33,73
84,20,4,4,2,38,77,43,101,75
107,56,3,3,2,20,88,28,113,35
110,8,6,3,3,44,26,14,31,25
94,46,1,3,4,83,117,24,59,47
83,111,6,4,2,11,109,36,44,20
115,115,5,1,1,76,10,45,55,28
91,8,2,4,4,7,116,10,11,18
78,51,5,2,2,55,108,10,109,64
36,9,5,2,1,88,28,27,77,74
28,28,2,1,3,78,39,35,42,46
14,94,4,4,2,68,21,19,43,70
37,35,2,1,3,79,104,22,80,2
36,24,2,1,1,53,97,28,111,13
81,54,4,1,4,6,9,9,88,12
56,62,4,2,2,41,111,46,111,60
54,20,1,2,2,20,115,41,52,71
99,19,2,2,4,29,54,8,62,50
4,40,5,4,3,68,117,53,11,36
90,70,1,4,1,70,11,11,68,72
84,45,4,2,4,2,61,2,48,8
115,51,6,1,4,85,32,43,56,6
94,16,2,3,3,26,50,13,118,22
32,14,3,3,1,83,113,13,43,45
93,56,1,3,1,21,95,7,105,30
62,86,1,3,4,16,36,2,77,47
84,1,4,1,1,11,90,53,74,70
30,23,3,4,2,5,43,1,76,58
80,21,6,3,2,83,62,70,92,52
13,109,4,3,2,33,92,25,52,5
33,52,1,4,4,23,73,17,34,43
78,8,4,1,1,69,105,6,116,24
61,53,5,4,2,84,102,14,61,8
25,66,1,3,3,37,67,25,105,59
105,13,6,4,4,18,49,31,5,29
105,13,6,4,2,47,114,71,44,55
50,62,5,4,2,41,44,31,77,47
36,34,5,2,2,10,82,32,116,12
67,74,2,1,3,20,80,13,25,17
71,75,2,1,1,41,22,21,68,33
72,25,6,3,2,12,66,45,33,16
7,72,6,3,3,82,112,69,33,73
98,76,6,3,1,77,81,29,112,22
71,85,4,1,3,8,51,54,107,58
41,10,5,1,3,80,41,51,7,29
78,111,6,4,2,37,30,31,38,37
79,31,4,3,4,12,43,80,81,58
34,17,3,2,3,32,10,54,93,53
27,80,4,2,2,54,49,38,74,6
13,69,1,2,3,51,60,74,101,26
72,118,6,2,1,81,22,62,34,44
62,58,5,2,2,65,35,29,114,18
52,20,3,1,4,19,20,16,118,28
1,86,1,1,3,39,112,34,115,62
48,97,2,1,2,45,78,47,76,50
49,42,3,2,3,64,16,27,47,36
12,1,6,2,3,72,43,31,4,4
41,81,6,1,1,87,77,8,9,2
96,111,1,1,1,56,5,54,54,39
115,57,3,2,4,5,47,9,106,42
21,88,4,4,4,11,14,66,13,12
100,8,2,4,2,61,12,12,80,24
82,39,2,1,2,60,77,74,92,49
45,10,2,2,3,3,48,23,56,6
15,19,3,1,3,64,56,2,71,9
46,115,1,1,1,92,110,45,117,62
76,73,2,1,2,12,66,41,60,56
109,56,6,1,2,34,102,69,37,6
32,91,4,1,2,65,67,53,79,56
43,50,1,4,2,24,78,12,24,31
82,91,5,3,1,20,28,27,58,46
39,7,2,1,2,66,23,7,94,58
33,58,4,1,1,42,85,17,83,47
34,49,5,1,1,26,42,76,38,6
73,76,1,2,4,50,38,7,87,53
12,66,4,3,4,18,38,7,19,56
113,67,6,3,4,2,69,69,15,2
18,21,2,1,4,54,58,40,3,12
2,1,4,2,3,31,49,17,103,40
73,26,4,3,1,15,96,26,105,30
37,55,5,4,3,42,47,37,80,2
91,57,4,4,3,84,13,6,66,72
107,56,4,3,2,59,52,17,104,6
2,78,2,4,2,61,71,46,4,40
102,107,1,2,2,80,29,79,81,19
42,116,3,2,2,17,76,16,92,69
28,104,5,2,3,60,15,66,106,28
117,25,4,4,2,90,41,39,98,31
86,90,5,2,1,35,98,16,96,60
31,17,6,4,4,80,11,9,103,16
71,7,3,2,2,49,108,10,12,18
52,1,5,1,1,76,4,78,11,77
85,111,5,4,4,13,117,59,88,23
2,3,2,2,2,56,13,29,15,2
118,87,2,1,2,77,113,74,5,29
28,76,4,4,4,25,34,49,104,9
74,48,1,4,4,18,109,22,67,51
75,20,1,3,2,51,86,64,112,41
107,43,2,3,1,12,32,36,86,19
108,87,1,3,4,12,77,29,51,70
67,54,1,2,3,64,118,37,53,60
28,67,3,1,1,78,54,58,18,38
49,84,1,3,3,4,52,1,49,52
111,25,2,4,4,42,46,31,89,40
21,75,6,2,3,70,1,78,110,45
117,20,2,1,2,49,90,10,99,38
105,48,3,2,1,62,5,17,34,43
63,87,5,2,1,28,3,71,107,52
51,45,3,3,2,37,30,31,29,13
116,31,5,2,4,29,86,69,52,49
6,105,3,2,3,74,16,16,33,11
49,98,3,3,3,23,18,55,103,8
108,78,5,2,1,5,89,6,93,74
28,95,1,3,2,41,50,62,84,43
75,80,1,4,3,32,117,24,60,61
8,46,5,1,1,86,116,40,35,26
19,58,6,4,3,58,31,30,37,3
117,71,1,1,1,18,57,44,102,34
23,10,6,3,4,90,112,76,87,35
110,5,3,4,3,31,71,70,113,35
13,75,4,3,1,61,73,7,95,8
53,78,6,4,4,40,83,77,42,66
50,32,3,3,3,78,20,18,71,6
12,79,3,3,1,76,93,1,58,35
73,46,1,1,2,26,6,15,119,63
89,66,3,1,2,73,86,9,115,66
109,95,6,1,1,36,107,16,94,58
109,38,6,2,3,49,43,34,98,53
79,104,3,1,4,13,61,36,96,60
109,84,5,4,2,66,113,34,105,30
87,18,2,2,2,40,7,19,3,51
98,64,4,1,2,72,33,32,62,50
57,16,1,3,3,8,58,40,32,26
111,54,1,3,3,5,94,30,6,53
63,89,3,3,2,9,80,37,25,17
31,102,3,1,3,64,51,34,35,26
90,54,1,1,4,45,49,51,68,72
50,110,3,3,1,12,25,67,40,41
23,100,5,3,1,44,27,4,61,17
2,12,1,2,4,14,100,60,109,64
11,110,3,4,2,24,17,31,117,42
118,98,3,3,2,91,109,11,106,60
37,31,2,4,4,76,106,4,70,46
80,37,2,4,4,49,38,7,65,61
47,28,5,3,1,48,91,2,117,18
6,112,5,1,1,61,16,10,14,74
76,17,5,2,4,25,17,17,77,47
