1,1,1,1,1,1,1,1,1
2,2,2,2,2,2,2,2,2
3,3,3,3,3,3,3,3,3
3,4,4,4,4,4,4,4,4
4,5,5,5,5,5,5,5,5
5,6,6,6,6,6,6,6,6
2,7,7,7,7,7,7,7,7
6,8,8,8,8,8,8,8,8
4,9,9,9,9,9,9,9,9
7,10,10,10,10,10,10,10,10
7,11,11,11,11,11,11,11,11
8,12,12,12,12,12,12,12,12
1,13,13,13,13,13,13,13,13
9,14,14,14,14,14,14,14,14
4,15,15,15,15,15,15,15,15
3,16,16,16,16,16,16,16,16
4,17,17,17,17,17,17,17,17
2,18,18,18,18,18,18,18,18
10,19,19,19,19,19,19,19,19
4,20,20,20,20,20,20,20,20
9,21,21,21,21,21,21,21,18
3,22,22,22,22,22,22,22,21
7,23,23,23,23,23,23,23,22
6,3,24,24,7,24,24,24,23
4,24,25,25,24,25,25,25,24
1,12,26,26,25,26,26,26,25
5,9,27,27,26,27,27,27,26
11,25,28,28,27,28,28,28,27
9,26,29,29,28,29,17,29,28
7,3,30,30,29,30,29,30,29
2,27,31,31,30,31,30,31,30
9,2,32,32,31,32,31,32,31
8,2,31,33,32,33,32,33,32
10,28,33,34,33,34,33,34,33
3,2,26,35,34,35,34,35,34
4,29,34,36,35,36,35,36,35
11,21,35,37,36,37,36,37,36
1,30,36,38,37,18,37,38,37
6,31,37,39,38,38,38,39,38
10,2,38,40,39,39,39,40,39
4,32,39,41,40,40,40,41,40
5,33,40,42,41,41,41,42,41
5,30,41,43,42,42,42,43,42
6,34,42,44,43,43,43,44,43
5,35,43,45,44,44,44,45,43
1,36,44,46,45,26,26,46,44
6,37,45,47,46,45,45,47,45
9,34,46,48,47,46,46,48,46
2,38,47,49,48,47,47,49,47
8,39,48,50,49,48,48,50,48
11,40,49,51,50,49,49,51,49
6,41,50,52,51,50,32,52,50
1,42,51,53,52,51,50,53,51
1,12,52,54,53,52,51,54,52
9,43,53,55,54,46,46,55,53
2,35,54,56,55,53,52,56,54
10,44,55,57,52,54,53,57,55
8,45,56,58,56,55,54,58,56
2,2,57,59,57,56,55,59,57
9,46,58,60,58,57,56,60,45
1,24,59,61,59,58,57,61,58
3,47,60,62,60,59,58,62,59
11,30,61,63,61,60,59,36,60
5,48,62,64,62,61,60,63,61
6,49,63,65,63,62,61,64,62
10,50,64,66,64,63,62,65,63
11,17,65,67,65,64,63,66,57
7,17,66,68,66,65,64,67,64
3,51,67,69,67,66,65,68,36
9,52,18,2,2,67,66,69,65
5,20,68,70,68,68,18,70,66
4,53,69,71,69,69,67,71,67
1,54,70,72,70,70,68,72,68
9,6,71,73,71,71,69,73,69
7,50,72,74,72,72,70,74,70
6,27,73,75,73,73,71,75,71
6,29,74,76,74,74,72,76,72
1,1,75,77,75,75,32,77,73
6,17,76,78,76,76,73,78,74
9,55,77,79,77,37,36,62,75
6,56,78,57,52,77,74,79,76
9,1,79,80,17,78,75,55,77
7,32,80,81,78,79,76,80,78
10,57,81,82,79,80,77,81,79
3,5,82,83,80,81,78,82,80
6,24,83,84,81,82,79,83,81
10,58,84,85,82,83,80,84,7
10,14,85,86,83,84,81,85,82
2,33,86,87,84,85,41,86,83
10,14,87,88,85,86,82,87,84
5,30,88,89,86,87,83,88,85
11,31,89,90,87,88,46,89,86
8,59,90,91,88,89,84,90,87
6,44,91,92,89,90,85,91,88
8,60,92,93,28,91,66,92,89
7,61,93,72,70,92,86,23,90
7,18,94,94,90,93,87,93,91
4,41,95,95,91,94,88,94,92
9,62,96,96,92,95,89,95,93
11,50,97,97,93,96,90,96,94
6,23,98,98,94,3,3,97,95
10,63,99,99,95,97,27,98,96
4,64,100,100,96,98,91,99,97
3,65,101,101,97,12,12,100,98
7,14,102,102,98,99,92,101,99
2,25,103,103,99,100,93,102,100
10,32,104,104,100,101,94,103,101
6,58,105,105,101,12,12,104,102
2,12,106,106,79,102,95,105,103
9,63,49,42,41,103,96,106,104
4,56,107,107,69,104,97,107,105
6,66,108,15,102,105,40,108,106
6,67,109,108,67,91,66,109,107
4,51,110,109,103,106,98,110,108
3,25,111,110,104,107,99,111,109
3,7,112,111,105,108,100,112,110
6,68,113,112,106,99,92,113,111
5,31,114,113,107,109,101,114,112
2,34,115,114,108,110,54,37,113
5,69,116,115,109,111,102,115,114
6,35,117,116,110,112,103,116,75
11,18,118,117,111,113,104,117,21
4,70,47,118,112,114,105,118,115
7,71,119,119,113,115,106,119,116
3,72,120,120,114,116,107,120,117
9,73,121,121,115,117,108,27,118
8,51,122,122,55,93,87,92,119
1,20,123,123,116,118,109,116,120
6,35,124,124,117,119,110,121,121
8,61,125,125,12,120,111,37,122
7,70,126,126,118,121,112,122,62
4,74,127,127,70,122,113,123,123
9,75,126,128,119,123,114,124,124
5,68,128,129,62,89,84,125,125
6,29,129,130,120,124,115,126,126
2,29,130,3,3,125,116,127,127
2,1,14,131,121,126,97,128,128
6,75,131,132,122,127,117,129,129
4,76,132,133,123,128,118,130,130
2,41,133,134,124,129,18,8,131
10,42,134,135,70,130,32,131,132
1,5,135,136,81,85,41,46,110
3,43,136,137,125,131,119,132,133
10,49,137,138,126,132,71,133,134
5,2,138,139,127,133,120,134,135
7,77,139,140,128,44,44,120,136
6,78,65,141,129,134,100,135,30
7,39,140,142,69,135,121,136,137
10,79,141,143,130,136,122,137,138
1,80,142,144,131,137,123,14,139
11,30,143,145,132,138,124,138,29
7,64,144,72,133,139,125,139,16
8,67,145,146,134,140,107,140,140
5,58,146,147,102,141,126,141,141
1,30,147,148,135,142,127,142,6
10,48,148,149,136,143,128,143,142
11,81,149,6,6,144,129,144,143
4,57,150,150,137,145,130,145,144
1,73,151,139,127,146,131,146,57
4,13,152,151,138,147,132,147,145
7,25,153,152,139,148,133,148,146
10,20,154,153,140,149,134,149,131
5,37,155,154,141,150,103,150,147
2,29,156,67,142,102,95,151,148
7,82,157,155,143,151,135,152,131
10,48,158,156,144,152,136,153,149
1,64,159,157,145,153,137,154,150
6,30,160,138,126,154,10,155,151
8,52,161,158,62,155,138,156,152
8,33,162,67,146,156,139,157,153
4,4,163,111,105,157,51,145,154
9,9,164,159,123,158,87,158,155
10,83,165,160,101,159,140,56,156
4,56,166,161,132,160,141,159,157
1,12,167,162,147,161,115,120,158
10,78,168,163,148,162,142,160,159
9,84,169,164,149,163,138,161,160
8,1,170,165,150,164,143,98,161
10,12,148,166,19,114,105,162,109
4,42,171,167,9,165,144,163,162
5,44,172,93,28,166,145,18,163
3,55,173,168,151,167,146,164,164
11,85,157,169,152,168,145,165,165
7,86,174,170,127,169,147,166,166
11,12,175,171,153,170,148,167,58
9,87,176,172,154,171,149,168,167
5,54,177,166,19,172,150,169,168
10,56,178,173,155,173,151,170,169
5,88,179,174,58,174,152,171,170
3,75,180,175,156,175,153,172,170
4,27,181,176,157,176,67,173,171
7,47,182,177,158,177,20,174,172
1,5,69,178,159,178,154,175,173
11,89,129,56,55,179,155,176,174
1,90,183,97,93,180,141,177,175
9,20,184,179,160,181,156,178,176
5,27,185,180,161,182,157,96,177
5,91,186,181,145,183,158,49,178
7,21,187,182,162,184,89,69,179
7,92,188,183,163,185,159,92,180
1,85,189,184,164,186,160,179,181
3,83,190,185,165,187,161,180,182
7,37,191,131,121,188,162,181,183
7,88,192,186,166,119,110,182,153
1,42,193,187,167,189,163,183,136
5,83,194,188,84,190,164,184,184
6,76,195,189,110,164,143,147,185
4,85,196,190,168,191,103,185,186
3,73,197,191,169,192,165,186,18
3,43,198,192,170,193,143,187,187
8,11,64,193,171,194,166,188,188
8,91,120,194,172,195,113,24,189
10,30,176,195,173,196,167,189,155
1,15,199,196,174,197,168,130,190
10,15,200,197,175,198,169,190,191
6,92,201,51,50,199,170,191,192
1,23,202,198,176,200,146,192,193
9,24,203,199,177,59,58,193,194
11,19,204,200,178,129,18,50,195
6,8,205,201,179,201,171,194,196
3,93,206,65,63,202,172,195,95
8,29,64,202,132,203,173,196,197
2,81,207,203,180,204,174,197,198
3,66,208,204,181,45,45,198,199
2,28,209,205,182,205,175,152,200
4,9,210,206,183,206,69,199,201
7,34,211,207,184,207,141,200,202
10,94,212,208,178,208,176,201,203
4,95,213,136,81,209,177,202,204
11,30,214,209,185,210,178,203,205
6,28,215,210,186,211,96,204,206
4,95,216,211,187,212,179,205,207
3,26,217,212,188,213,180,206,208
9,1,218,213,189,214,181,207,209
8,47,87,214,190,215,182,208,210
3,89,219,215,36,216,183,122,211
5,14,220,216,191,217,184,209,102
3,67,221,217,192,218,185,210,212
6,78,222,218,193,219,186,211,213
5,84,223,219,194,220,187,212,78
5,96,204,220,195,221,32,213,214
11,55,224,221,196,127,117,214,215
5,45,225,64,62,222,188,101,115
9,95,226,222,197,223,119,215,216
11,38,227,37,36,224,19,216,217
11,79,228,223,96,225,189,217,10
7,4,229,143,130,226,190,218,129
9,54,163,224,28,227,191,219,218
11,56,230,216,191,228,192,220,219
6,64,87,179,160,200,146,221,220
6,92,231,225,198,229,193,53,221
6,32,170,226,199,9,9,222,222
7,49,232,227,200,124,115,223,62
2,51,20,228,201,194,166,224,223
9,47,233,229,202,117,108,225,224
5,34,234,230,203,230,141,226,223
11,96,208,231,22,231,194,117,225
7,21,235,232,204,232,195,227,226
11,95,236,233,205,233,196,228,4
10,76,237,166,19,234,197,220,227
3,48,238,184,164,235,198,229,228
9,88,239,234,206,236,80,230,229
6,9,240,235,207,55,54,50,230
1,21,241,236,208,105,199,72,163
5,61,242,237,209,237,155,231,231
9,2,243,238,210,238,200,232,232
4,80,244,239,211,239,109,233,233
7,26,71,240,212,240,201,234,234
3,89,245,218,193,241,202,62,235
11,97,234,241,213,81,78,235,236
7,13,246,242,214,208,176,236,237
3,91,247,44,43,242,22,110,183
5,96,248,165,150,243,87,161,238
8,80,198,243,111,95,89,237,239
6,42,249,244,47,145,130,238,240
1,36,46,245,215,244,114,84,241
2,3,250,246,216,245,203,137,242
9,63,251,247,173,246,204,239,243
11,84,252,248,217,75,32,214,88
9,88,225,249,170,187,161,240,244
9,3,253,250,218,247,159,241,245
5,87,254,251,178,248,205,176,246
6,97,255,200,178,249,206,242,247
6,94,256,252,21,250,207,243,248
10,88,257,43,42,251,208,244,249
4,34,258,253,219,252,209,5,250
3,30,259,254,220,253,138,245,18
10,98,260,255,221,254,210,193,251
4,99,261,189,110,178,154,59,252
4,99,16,256,221,36,35,246,126
2,97,262,257,222,203,173,247,12
11,100,263,258,223,255,211,248,253
7,7,27,259,224,256,212,249,254
8,75,264,260,54,257,213,237,255
6,30,265,261,225,258,214,250,256
8,101,266,262,226,259,215,251,257
4,56,267,263,15,260,216,252,258
3,97,59,264,227,261,217,253,207
3,40,268,265,228,262,218,168,259
4,37,269,44,43,263,219,254,260
8,79,270,266,229,264,220,255,261
7,30,271,267,38,145,130,256,262
8,16,272,268,230,10,10,257,198
1,18,57,104,100,85,41,141,256
3,31,273,269,231,265,221,258,263
1,83,72,270,123,266,214,259,264
2,45,274,271,232,267,222,260,265
1,63,260,272,233,268,223,261,266
4,88,275,149,136,269,224,262,267
3,85,276,273,234,143,128,5,268
1,4,161,274,235,270,225,176,269
6,95,277,275,236,271,226,263,270
2,37,278,276,237,272,227,264,271
11,86,279,277,35,105,199,177,272
8,1,280,226,199,273,180,147,80
11,45,281,278,238,274,228,265,93
10,16,282,279,239,275,229,266,273
5,5,283,280,240,262,218,267,274
10,25,284,52,51,166,145,268,275
8,24,285,281,60,276,230,269,276
8,42,61,282,148,277,231,98,71
2,22,286,283,241,278,196,165,80
6,57,257,284,242,279,232,270,42
9,9,287,285,243,280,32,271,277
8,2,246,286,22,281,233,247,278
10,44,288,287,244,282,7,272,279
3,98,289,288,245,283,234,215,280
4,40,290,289,246,284,218,207,281
7,18,291,15,247,46,46,273,232
1,17,98,290,199,285,235,274,282
9,30,292,291,54,246,204,275,283
6,99,95,292,248,277,231,276,284
1,75,293,293,249,286,236,277,285
7,18,294,294,250,287,214,278,252
7,51,295,295,251,288,227,228,286
9,39,296,245,215,289,34,279,201
9,61,10,296,252,290,237,280,287
10,17,297,297,253,291,67,58,288
1,102,298,298,139,292,238,66,289
2,25,224,111,105,293,239,185,290
11,88,176,299,188,294,240,281,126
8,22,94,300,21,295,241,218,291
1,59,299,301,254,296,242,88,292
11,102,300,302,239,297,74,282,293
9,90,301,303,255,298,243,283,294
1,63,302,304,256,299,244,284,295
9,11,303,305,257,300,53,285,43
9,67,246,15,258,301,245,200,212
11,84,304,306,259,302,246,286,296
10,103,305,307,260,303,247,287,297
3,50,128,308,261,304,248,288,298
4,65,178,309,95,290,237,289,299
4,12,306,310,262,305,249,290,4
6,79,307,311,260,306,250,291,178
6,4,308,312,263,307,251,292,300
9,16,309,313,39,308,252,293,301
1,57,46,314,182,309,162,294,302
3,44,310,315,264,287,214,72,303
4,1,311,316,158,310,253,295,294
1,45,312,317,265,311,254,252,304
5,6,152,287,244,312,255,296,305
8,103,290,318,190,252,243,240,306
11,1,313,319,266,121,256,297,99
7,88,314,320,156,313,257,39,307
5,65,266,321,267,48,48,298,308
3,46,315,322,255,206,69,188,309
1,4,316,323,268,314,258,299,21
10,59,317,312,269,315,7,300,310
4,36,318,324,270,28,28,301,311
7,1,319,325,271,316,259,302,122
11,82,256,326,135,317,260,303,166
3,13,320,327,272,318,239,304,312
7,40,321,328,273,319,261,305,313
8,96,322,329,274,320,262,306,314
11,33,323,330,275,210,263,7,151
7,73,271,331,276,13,13,130,94
2,33,324,332,160,176,67,307,3
10,58,139,282,148,92,86,247,60
9,93,325,237,209,174,152,308,315
10,100,326,333,277,314,258,309,92
3,75,327,334,188,321,264,310,316
9,100,328,335,149,29,2,311,282
6,25,8,51,50,322,265,312,317
3,66,329,312,278,323,266,313,318
8,6,330,336,43,324,267,314,319
11,70,331,123,116,325,268,219,320
10,38,332,268,279,282,7,315,46
11,88,333,337,280,326,269,316,300
8,91,334,338,3,327,270,266,321
5,32,40,339,281,328,271,317,322
3,4,335,162,147,329,272,318,323
5,57,336,9,9,330,273,17,324
1,79,337,181,145,331,274,319,325
9,88,338,323,268,332,142,291,326
3,29,339,340,282,333,237,320,153
7,4,340,341,283,221,32,308,327
1,2,341,342,284,179,155,134,328
1,32,202,343,285,334,275,321,329
3,58,98,344,286,335,276,84,76
2,67,342,245,215,336,138,322,330
4,81,343,345,287,337,277,323,331
4,45,344,27,288,338,278,101,81
8,91,345,38,37,178,154,324,332
3,62,346,312,263,187,279,84,333
1,75,347,346,289,60,280,68,313
10,14,348,88,85,339,281,325,197
2,25,349,72,285,340,282,326,334
11,94,350,347,290,341,86,327,304
4,90,351,72,285,237,155,328,43
3,88,132,175,156,173,151,329,335
9,34,352,348,191,341,86,72,336
2,49,353,42,41,342,283,330,337
11,58,354,349,20,343,160,331,185
5,35,130,297,127,344,284,332,290
4,33,355,202,123,345,285,1,338
11,94,356,59,81,29,2,70,339
4,21,357,350,291,346,167,288,340
6,89,2,351,292,347,286,333,341
6,73,358,352,293,348,287,294,342
6,77,181,353,35,349,288,298,72
6,40,359,354,294,350,185,334,20
3,13,360,355,147,310,253,335,343
11,76,185,356,23,273,180,336,344
1,81,361,196,174,236,80,337,266
5,32,58,357,295,148,133,338,293
8,104,165,238,210,310,253,339,345
5,21,362,358,296,351,289,340,187
3,57,34,359,297,352,200,113,346
7,30,281,360,87,353,290,341,18
3,60,363,361,298,354,291,224,347
5,37,364,362,299,355,213,342,348
5,43,365,363,300,69,67,145,144
10,91,366,364,261,88,292,343,349
4,20,367,101,97,60,280,344,350
5,16,368,365,301,356,293,345,17
7,105,120,366,253,255,211,62,351
9,58,188,367,302,357,139,232,352
11,101,7,198,176,183,158,346,353
5,6,6,368,303,275,229,180,146
5,75,113,291,54,142,127,112,354
8,13,240,369,286,21,21,347,355
10,27,369,238,78,358,177,348,356
4,92,370,370,304,359,294,349,91
4,23,170,371,305,318,239,350,325
4,38,371,372,282,360,295,351,139
2,5,372,369,286,218,185,352,139
2,33,232,373,306,361,296,353,176
1,14,373,374,307,362,297,65,348
8,37,20,375,308,319,261,354,357
3,86,374,159,123,363,298,355,358
5,73,111,223,96,287,214,356,359
4,97,24,376,305,364,299,357,360
11,8,178,195,173,124,115,49,269
2,4,287,377,28,365,38,358,361
4,7,375,108,67,366,134,359,134
7,43,122,378,130,313,257,360,362
6,84,214,35,34,367,96,168,128
6,86,376,201,179,190,164,227,363
8,104,377,207,184,368,300,266,116
2,19,378,276,237,369,197,361,364
3,33,379,379,22,255,211,362,365
9,68,263,308,261,370,94,363,250
6,97,14,181,145,371,301,364,44
11,44,319,380,309,372,302,365,353
6,70,315,381,310,225,189,157,366
2,45,368,141,129,373,303,366,367
8,78,39,382,311,374,304,367,16
11,38,380,383,79,27,27,368,368
8,42,381,238,210,375,98,369,369
5,98,39,384,237,376,305,370,54
4,100,280,277,312,204,174,371,370
2,16,136,15,258,377,306,372,232
1,80,315,356,23,378,307,78,371
10,87,188,385,40,379,301,373,151
4,32,382,386,313,275,229,17,272
6,101,140,387,314,129,18,374,372
11,12,232,332,160,380,155,117,373
2,51,383,200,315,381,308,375,110
10,18,384,200,178,327,128,12,374
6,95,140,365,226,382,210,24,266
6,9,146,282,148,383,243,376,375
10,74,74,388,316,384,309,377,376
11,88,385,389,34,385,310,378,377
2,6,386,145,132,386,142,379,337
1,73,56,390,21,384,311,380,378
9,4,387,391,317,387,36,381,247
2,18,388,392,176,100,93,264,172
3,35,6,276,237,183,158,382,338
6,53,389,393,48,388,10,383,193
8,15,390,15,247,389,312,384,379
5,74,260,394,170,198,169,14,197
6,8,204,303,288,389,312,314,380
10,43,391,395,318,390,313,385,381
4,74,149,396,319,391,314,386,382
7,65,200,32,31,392,315,387,383
5,28,172,280,240,393,316,259,381
7,12,392,298,139,164,143,388,384
11,52,72,397,320,394,291,309,206
8,13,170,398,321,395,317,389,385
11,12,393,399,322,396,318,110,386
10,4,390,400,78,72,70,98,161
8,12,394,401,323,397,319,390,387
6,59,242,390,282,398,320,391,28
9,57,395,402,240,170,148,392,388
9,11,226,287,324,399,321,393,120
11,31,212,403,325,121,174,394,375
10,73,396,252,21,400,56,395,389
7,70,397,404,326,401,126,396,277
7,19,170,371,305,402,322,397,390
5,80,330,405,327,403,40,398,391
9,92,398,374,307,404,115,84,22
11,10,224,406,328,132,71,399,392
6,5,399,407,329,405,323,400,393
2,12,178,408,330,406,324,401,394
2,105,400,220,195,407,325,402,395
8,54,56,409,158,331,274,403,284
10,53,401,88,85,408,326,246,396
6,82,402,35,34,63,62,346,397
10,56,318,139,127,304,248,404,398
4,65,403,410,318,316,259,405,170
1,41,366,264,227,409,327,406,399
8,62,122,411,185,30,29,398,400
7,69,140,412,331,410,328,407,163
10,64,404,413,244,383,243,408,161
1,51,405,413,244,411,329,340,106
10,84,406,67,65,412,76,409,401
10,101,407,302,239,413,330,371,24
4,103,310,414,83,148,133,410,53
3,24,206,67,142,414,120,398,391
9,43,408,415,136,124,115,411,402
10,1,409,416,158,415,331,412,180
10,23,116,22,22,416,332,377,403
3,6,410,400,78,417,333,413,56
11,9,411,417,332,304,334,361,404
9,15,412,204,181,418,87,414,405
7,36,413,167,9,419,335,159,14
1,32,414,418,333,50,32,415,406
2,76,415,90,87,170,148,416,407
6,15,41,419,334,420,336,417,408
3,54,135,64,62,421,337,418,144
8,77,416,115,109,422,338,419,141
5,29,417,420,23,423,339,420,243
10,57,281,123,116,223,340,421,98
7,68,300,421,318,424,64,307,409
1,23,418,406,328,425,341,422,410
7,29,419,422,82,364,299,423,43
2,1,130,423,335,426,342,32,411
2,15,114,129,62,392,343,424,412
9,7,420,424,336,427,344,425,413
7,87,217,212,188,373,303,271,414
7,35,421,15,337,428,345,48,415
9,48,422,425,338,429,346,426,416
11,103,423,59,339,430,347,260,417
10,50,424,426,340,384,348,88,164
8,39,337,427,341,93,87,427,396
5,69,425,428,342,431,135,295,418
9,52,426,373,306,432,37,428,419
9,45,425,84,81,433,349,429,420
11,67,427,429,343,434,350,430,47
10,78,170,146,134,435,146,431,273
1,91,428,420,23,436,351,432,365
7,43,429,430,344,437,352,266,161
7,12,361,431,345,438,353,433,101
5,36,430,432,346,229,193,434,212
7,16,86,433,347,233,196,248,421
4,82,431,434,161,439,261,55,422
8,12,163,435,73,440,354,42,423
1,19,432,436,348,441,355,435,424
11,78,433,437,349,442,208,389,425
3,72,434,438,350,443,356,436,426
6,13,435,439,34,444,357,437,427
1,65,436,84,81,383,243,46,428
11,102,60,303,288,445,358,438,139
11,19,185,440,351,257,359,338,429
5,67,437,259,178,446,360,355,430
1,51,438,5,5,156,139,439,431
8,104,439,441,352,8,361,392,126
4,102,440,442,353,447,93,141,318
8,87,327,443,354,448,181,440,48
4,78,434,444,97,449,185,441,432
11,35,441,445,355,450,362,308,433
10,85,442,446,356,190,164,269,284
2,56,443,85,82,451,12,442,434
8,99,444,36,357,81,78,6,139
1,100,445,292,248,452,301,84,16
7,30,446,447,109,453,363,443,435
8,4,447,448,125,396,318,132,436
1,43,10,395,318,169,147,444,437
1,32,241,270,123,56,32,445,176
1,55,448,222,82,454,364,446,438
1,99,449,48,47,455,365,447,320
6,97,450,92,89,410,328,323,439
11,90,451,146,134,456,366,169,440
8,49,452,449,358,457,367,448,410
4,12,91,119,113,281,233,449,316
9,104,453,3,3,248,205,450,113
8,88,454,450,359,405,323,451,441
2,48,455,253,219,458,289,452,442
1,91,456,451,109,297,74,229,443
9,9,457,283,241,251,208,453,330
10,43,437,452,360,459,368,454,367
5,53,458,453,361,87,83,191,444
5,80,459,446,356,460,263,455,445
8,69,88,353,35,461,369,456,446
9,43,460,454,362,350,185,457,447
3,97,14,455,363,462,176,458,448
8,97,461,69,67,463,370,459,75
3,56,113,456,279,464,371,460,232
10,6,386,457,364,30,29,195,449
4,60,462,439,34,465,261,461,450
8,1,137,65,63,466,206,462,451
2,57,311,458,365,467,256,400,63
5,80,409,459,366,439,261,5,452
11,6,197,460,367,468,372,463,453
2,21,463,67,368,469,373,464,4
2,92,464,461,369,470,374,384,454
10,72,129,462,193,304,375,162,455
10,62,465,463,370,471,334,3,456
5,14,466,110,104,472,376,244,17
4,9,38,464,371,473,239,465,457
7,92,467,399,322,474,71,223,45
4,71,468,465,372,429,346,466,201
3,95,375,324,270,8,377,467,167
10,27,169,379,373,475,378,468,458
9,41,469,466,374,476,379,469,459
5,36,103,362,299,477,380,267,160
6,78,470,352,375,273,180,187,329
11,106,471,467,376,478,381,470,58
9,65,399,200,377,442,208,471,379
3,58,256,468,378,284,115,354,460
7,71,472,114,108,479,43,145,461
10,1,473,367,302,234,197,161,462
2,54,386,434,319,45,45,472,463
5,50,92,40,39,304,248,383,316
2,51,474,469,45,480,327,473,464
7,27,131,275,236,37,36,474,465
6,81,475,301,254,403,40,475,298
3,106,148,470,379,481,67,476,1
4,100,6,231,22,327,382,477,6
7,12,56,126,118,482,383,375,127
6,87,455,39,38,483,328,309,62
1,30,476,471,336,484,384,478,458
5,32,477,472,10,485,385,36,466
10,95,140,473,380,396,318,382,467
11,43,184,474,381,486,289,479,233
9,63,268,475,382,119,110,480,33
5,104,478,476,383,487,25,190,468
5,14,402,477,121,314,258,481,469
5,102,414,478,384,303,247,482,196
8,25,410,19,19,141,54,483,470
9,44,35,246,216,488,386,327,471
4,55,479,245,215,79,76,5,472
2,67,271,357,295,489,340,228,473
7,11,15,391,317,184,89,334,474
3,107,480,479,385,490,14,384,475
7,28,218,480,386,491,387,225,97
6,37,137,481,387,492,388,16,476
3,95,481,482,388,493,389,484,215
1,94,170,318,389,277,232,485,453
10,1,482,83,80,438,353,132,477
10,1,483,312,278,117,108,486,478
7,41,187,180,161,494,94,127,479
2,79,484,483,390,327,390,478,224
10,51,393,484,36,259,215,72,480
10,28,485,485,391,407,325,310,481
6,3,486,318,190,495,379,487,251
10,45,487,331,276,343,160,291,241
9,46,488,476,383,204,174,488,482
4,74,489,486,144,38,38,88,483
7,3,490,487,392,40,40,134,348
9,96,491,488,393,496,391,489,484
6,7,201,489,131,272,227,379,446
1,4,20,490,325,497,180,490,339
4,89,492,491,133,498,392,468,246
5,67,75,492,394,239,109,491,485
3,8,493,493,298,132,71,492,486
9,8,129,494,395,282,7,137,152
4,46,295,205,127,499,393,34,18
10,82,494,495,396,271,394,493,487
9,21,495,291,54,101,395,93,99
7,10,496,496,397,488,396,494,308
11,13,447,497,398,500,397,120,488
4,70,497,498,399,501,398,495,465
9,61,498,216,191,31,30,496,462
5,11,499,222,197,171,149,204,489
7,31,500,331,276,478,381,11,383
9,21,501,499,400,403,40,22,490
5,1,496,500,401,226,190,204,491
6,68,502,135,70,502,399,119,492
10,56,503,263,15,155,138,440,317
5,14,504,394,170,159,140,157,240
2,30,505,501,375,101,94,497,493
8,28,506,502,247,304,248,393,494
5,3,507,396,319,503,80,498,495
1,78,508,67,142,504,400,385,212
10,74,509,155,143,158,87,499,496
6,14,510,503,402,505,401,500,497
6,96,511,327,403,506,17,501,498
8,70,512,178,159,507,104,307,499
3,89,513,49,48,508,402,237,380
3,98,458,33,32,224,19,502,500
7,1,514,179,160,509,124,503,501
1,86,285,504,107,194,166,504,502
1,80,344,45,323,510,403,505,80
6,4,515,260,54,355,213,506,221
10,76,516,244,47,511,64,9,503
1,27,517,505,404,289,34,478,504
3,83,518,506,286,512,98,507,293
11,49,519,412,331,513,167,502,505
1,44,412,507,283,148,133,310,506
4,51,271,508,35,478,381,508,507
10,44,520,509,405,206,69,509,226
5,32,217,510,342,514,404,510,508
2,37,169,511,406,426,342,511,293
5,87,521,512,407,515,141,17,283
11,11,522,319,266,314,258,223,230
2,96,523,513,85,516,128,512,509
8,41,6,514,316,517,405,26,377
5,21,524,515,395,470,374,154,328
4,26,61,516,230,518,406,452,129
9,101,428,244,47,214,181,513,50
7,58,137,349,20,229,193,514,510
9,20,382,513,85,304,310,515,511
5,24,525,517,408,314,407,192,239
3,66,526,116,110,368,300,113,424
2,17,333,340,282,519,408,516,227
10,68,527,518,409,181,156,186,512
6,1,225,519,410,520,409,33,32
1,38,528,520,411,176,410,430,513
4,53,529,34,33,109,101,517,80
9,107,326,521,412,521,411,2,514
9,106,530,522,196,522,356,358,403
7,70,531,523,260,523,412,319,363
3,69,532,524,413,524,413,288,4
7,23,317,27,26,295,241,518,515
11,47,77,301,254,525,414,519,190
2,29,533,1,1,526,315,29,486
8,42,265,525,331,527,415,237,87
8,41,521,215,414,58,57,520,358
4,80,534,447,109,328,271,269,516
5,5,535,188,84,528,416,521,517
2,31,303,526,37,529,417,472,518
3,49,536,527,139,530,418,522,132
6,89,537,528,1,531,409,523,519
2,8,271,200,415,109,101,327,520
6,78,146,358,296,532,419,524,521
6,22,538,506,286,533,269,10,522
4,75,539,465,372,253,138,525,255
6,100,36,529,366,534,420,469,523
11,41,540,177,158,487,25,526,409
11,91,541,530,75,406,324,527,491
2,98,542,17,17,462,176,25,524
8,51,543,369,286,535,421,528,525
6,48,476,79,77,536,237,529,451
10,95,55,207,268,531,409,530,202
7,4,544,29,28,26,26,531,37
5,83,545,131,121,490,14,532,526
10,20,150,346,289,240,201,180,95
7,56,546,442,353,537,422,533,97
5,50,528,531,416,444,357,433,527
11,44,14,532,417,538,423,534,83
2,83,547,533,418,391,314,535,528
8,40,548,407,329,332,142,486,529
11,13,192,534,80,401,126,536,3
8,41,549,535,390,71,69,537,530
7,51,550,536,109,539,98,68,531
4,1,551,537,73,540,45,538,532
10,63,37,155,311,238,200,258,533
1,3,447,341,283,527,415,539,361
8,3,552,538,353,368,300,458,163
3,34,553,169,152,112,103,540,515
9,57,554,539,419,541,194,541,293
7,92,555,540,420,542,115,542,389
5,98,464,238,210,543,424,543,300
9,107,148,541,421,544,425,37,534
5,69,556,542,158,91,66,420,535
9,101,125,543,58,90,85,436,536
10,17,220,431,345,271,226,544,537
3,96,557,544,422,545,426,254,2
9,23,558,365,301,147,132,56,252
6,29,559,545,423,546,427,545,538
10,63,91,215,414,547,428,35,539
1,21,147,546,424,548,363,533,540
5,66,293,547,286,549,429,265,541
4,44,540,548,425,550,430,500,287
9,69,141,549,426,327,128,112,326
3,67,560,550,324,551,431,546,542
6,17,561,551,275,552,381,547,46
3,49,562,337,280,553,159,548,318
3,89,287,315,264,121,174,475,95
5,104,563,205,362,554,432,549,543
7,77,479,552,248,327,216,99,535
11,102,564,403,245,427,344,270,272
5,74,565,226,199,555,199,550,544
9,33,566,144,131,556,433,378,257
5,60,567,371,305,244,114,551,545
11,1,46,380,309,141,54,552,546
7,37,568,487,392,396,318,379,447
1,4,217,72,285,557,9,19,315
5,28,569,7,427,150,434,553,547
4,99,367,310,262,558,435,554,548
2,81,570,553,243,559,436,555,549
9,1,383,123,116,560,437,181,80
4,61,571,541,421,5,5,556,490
4,59,572,285,243,109,101,16,513
7,47,572,396,319,561,438,115,539
10,55,573,258,223,8,407,557,217
5,42,155,554,428,562,234,558,529
4,100,574,555,184,175,439,220,515
6,103,268,284,242,268,223,559,550
3,68,575,180,161,563,434,560,227
11,72,576,556,429,486,440,561,53
7,51,166,136,81,77,74,372,307
4,4,577,382,311,550,430,435,461
7,82,159,557,430,442,208,562,551
4,66,496,558,139,564,153,325,16
1,32,233,7,431,565,203,563,552
9,12,578,559,328,566,441,435,102
4,85,192,560,276,524,413,89,151
2,94,579,36,357,257,213,564,553
5,42,580,561,176,567,442,314,489
3,44,581,67,65,358,177,365,554
4,33,582,51,50,568,355,557,227
3,71,36,97,93,280,32,565,482
1,82,267,463,370,569,443,320,555
2,1,145,562,432,252,243,566,556
6,82,583,563,228,570,444,567,557
4,80,290,564,166,25,25,250,558
8,82,584,565,22,257,213,568,125
8,37,585,566,178,571,204,569,559
11,18,225,352,280,183,158,120,560
11,52,586,567,343,572,85,517,105
7,11,522,391,317,261,217,312,561
11,64,443,160,101,360,295,570,238
7,102,587,562,432,573,445,553,432
1,97,588,394,170,430,245,571,62
3,44,589,568,433,182,67,572,161
4,28,537,332,160,122,446,255,160
10,33,399,200,415,192,447,573,491
11,27,590,569,434,574,448,574,562
8,104,262,454,362,575,449,575,465
9,36,514,570,174,529,417,338,293
3,93,591,571,435,576,450,3,563
7,23,492,572,436,338,278,561,564
4,30,592,42,41,577,451,576,84
5,67,593,573,178,250,207,577,565
11,44,171,398,321,578,407,142,566
8,53,586,298,139,579,218,578,567
3,33,104,147,102,277,232,579,568
1,103,594,574,437,580,452,10,418
10,77,571,529,366,443,453,580,569
2,3,595,545,423,581,175,437,570
8,10,596,575,438,582,337,306,571
9,38,46,295,439,583,454,5,250
6,4,373,576,440,532,419,416,572
6,4,597,577,65,584,106,581,573
3,47,588,159,123,367,96,582,574
6,92,518,578,405,110,54,356,359
3,23,175,522,81,115,106,512,575
8,43,513,205,182,585,455,400,102
11,94,565,579,441,164,143,288,576
9,41,52,580,405,324,267,114,577
11,77,598,222,82,586,50,59,578
1,19,599,567,343,424,64,409,579
7,104,600,581,442,434,350,583,231
11,38,601,582,169,317,260,169,24
9,95,576,222,197,587,354,584,580
4,87,539,583,443,542,115,120,151
2,80,482,272,233,588,456,585,480
10,34,602,584,80,218,185,586,388
11,57,69,348,191,379,136,587,581
8,13,603,585,73,589,119,588,582
5,16,380,586,359,233,196,589,149
3,61,299,587,444,590,457,590,449
10,105,506,558,139,246,204,591,431
9,92,44,546,445,356,293,397,327
3,84,360,484,36,591,313,592,583
10,44,604,123,116,441,355,593,334
3,64,605,51,50,71,69,224,584
8,60,140,588,446,592,96,476,585
7,106,606,374,307,184,89,255,586
10,18,518,589,7,371,301,177,226
8,91,607,590,447,593,352,223,587
8,36,275,488,393,594,32,431,588
6,105,608,511,448,43,43,445,204
1,56,609,438,350,595,458,190,589
5,60,417,476,383,366,134,214,590
4,69,610,92,89,596,69,81,97
4,21,611,86,83,338,278,593,591
11,103,612,120,114,597,459,537,131
3,49,180,314,449,286,236,499,592
1,48,613,397,320,175,153,594,225
2,68,597,574,437,386,142,595,157
11,90,614,389,34,35,34,27,593
9,92,615,174,58,598,292,596,594
10,24,616,591,206,73,71,597,75
10,8,617,90,87,599,460,469,139
5,46,470,592,450,467,256,120,595
8,103,618,205,451,148,133,205,351
8,22,310,593,188,581,175,507,596
11,96,619,200,452,150,434,365,597
10,12,620,163,148,600,461,54,159
6,27,395,113,107,601,434,190,204
8,53,298,594,428,213,180,592,598
6,58,354,144,131,602,462,26,592
3,37,64,595,453,583,454,598,173
11,53,566,596,183,603,463,225,599
1,82,55,7,431,354,291,599,600
1,55,621,559,328,410,328,41,21
10,24,392,319,266,181,156,393,294
5,12,256,458,365,476,379,123,601
6,2,32,206,183,604,363,273,348
1,59,318,232,204,605,464,600,261
1,20,378,597,344,606,465,601,432
3,99,458,15,454,607,36,602,602
2,83,375,15,297,317,260,542,83
8,78,622,598,76,608,177,603,603
7,96,427,292,248,462,34,604,604
7,5,365,264,227,609,199,538,587
11,102,623,599,197,610,53,605,605
10,88,624,67,193,268,223,226,606
4,52,625,600,455,326,269,606,607
10,93,180,454,362,15,15,607,49
5,39,403,421,318,148,133,231,227
1,85,21,601,215,585,455,423,608
6,4,626,602,265,595,458,608,126
9,25,298,332,138,35,34,609,263
1,91,627,603,449,611,9,610,481
8,8,278,604,426,381,308,521,80
5,23,209,605,269,80,77,497,609
2,75,268,421,318,353,290,611,192
9,69,628,388,316,74,72,612,557
6,69,59,606,456,175,153,111,288
9,60,24,101,97,99,92,613,588
7,1,187,607,82,612,466,614,454
6,105,84,141,129,29,290,28,60
1,61,339,608,244,53,52,79,11
2,47,316,609,188,3,3,615,610
6,86,480,610,322,195,113,605,36
3,98,629,449,358,613,353,5,611
2,26,428,611,457,614,294,456,525
1,99,356,612,458,8,407,357,612
9,101,285,520,411,190,164,482,613
8,76,229,613,409,384,25,187,329
11,91,630,63,61,13,13,371,614
9,25,419,201,179,615,178,616,110
6,71,302,614,459,616,386,370,615
2,49,229,615,65,615,178,320,27
11,19,260,616,460,617,202,617,121
5,34,631,451,109,333,237,618,387
2,1,632,617,461,618,168,247,616
7,80,537,149,136,619,467,497,617
2,47,580,618,110,58,57,619,618
10,26,260,67,65,620,468,620,168
7,57,633,222,197,188,162,621,619
3,65,435,244,47,621,17,622,305
3,15,634,116,110,165,144,623,500
5,50,180,117,111,622,469,12,574
7,60,635,565,22,623,300,266,43
4,51,497,259,224,564,153,624,620
11,17,636,619,19,624,159,77,17
7,74,637,125,12,88,46,625,301
6,14,271,620,462,625,43,468,621
7,81,638,205,463,626,91,405,622
3,54,34,621,464,6,6,223,452
7,52,296,622,465,617,202,2,520
9,22,639,521,412,256,212,193,283
11,68,541,259,224,593,352,626,623
1,16,475,295,439,75,32,367,179
2,47,184,623,466,627,7,188,624
2,64,640,175,156,108,100,408,98
10,17,542,624,467,628,470,627,625
2,23,641,83,80,560,437,310,438
6,90,642,303,288,622,469,41,626
2,30,31,136,81,18,18,404,117
3,42,54,312,269,629,471,628,51
8,102,643,165,468,630,472,629,575
4,49,644,625,469,357,139,630,502
7,87,376,473,380,518,406,280,86
1,91,381,232,204,631,473,631,627
5,8,645,383,79,632,474,632,570
11,11,548,312,269,613,353,172,628
2,6,491,626,52,633,175,633,144
9,99,526,184,164,543,424,509,121
4,75,450,372,282,623,300,634,581
9,7,165,542,158,143,128,54,629
1,98,66,207,184,136,122,599,134
11,15,646,546,424,634,475,635,76
6,84,365,277,312,601,434,636,74
4,81,647,516,230,327,128,34,195
2,14,47,533,418,384,311,637,476
7,78,644,627,59,292,238,638,621
3,39,180,565,470,406,324,639,158
10,74,648,420,23,241,202,640,94
5,102,484,535,390,111,102,92,14
3,33,5,168,151,635,196,641,504
4,29,10,628,55,636,430,642,139
9,28,568,345,287,9,9,137,302
5,44,234,468,378,637,103,643,433
4,91,649,566,178,638,452,644,397
