1,1,1,1,1,1,1,1,1
2,2,2,2,2,2,2,2,2
3,3,3,3,3,3,3,3,3
3,4,4,4,4,4,4,4,4
4,5,5,5,5,5,5,5,5
5,6,6,6,6,6,6,6,6
2,7,7,7,7,7,7,7,7
6,8,8,8,8,8,8,8,8
4,9,9,9,9,9,9,9,9
7,10,10,10,10,10,10,10,10
7,11,11,11,11,11,11,11,11
8,12,12,12,12,12,12,12,12
1,13,13,13,13,13,13,13,13
9,14,14,14,14,14,14,14,14
4,15,15,15,15,15,15,15,15
3,16,16,16,16,16,16,16,16
4,17,17,17,17,17,17,17,17
2,18,18,18,18,18,18,18,18
10,19,19,19,19,19,19,19,19
4,20,20,20,20,20,20,20,20
9,21,21,21,21,21,21,21,18
3,22,22,22,22,22,22,22,21
7,23,23,23,23,23,23,23,22
6,3,24,24,7,24,24,24,23
4,24,25,25,24,25,25,25,24
1,12,26,26,25,26,26,26,25
5,9,27,27,26,27,27,27,26
11,25,28,28,27,28,28,28,27
9,26,29,29,28,29,17,29,28
7,3,30,30,29,30,29,30,29
2,27,31,31,30,31,30,31,30
9,2,32,32,31,32,31,32,31
8,2,31,33,32,33,13,33,32
10,28,33,34,33,34,32,34,33
3,2,26,35,34,35,33,35,34
4,29,34,36,35,36,34,36,35
11,21,35,37,16,37,35,37,36
1,30,36,38,36,18,36,38,37
6,31,37,39,37,38,37,39,38
10,2,38,40,38,39,38,40,39
4,32,39,41,1,40,4,41,40
5,33,40,42,39,41,39,42,41
5,30,41,6,40,42,40,43,42
6,34,42,43,41,43,41,44,43
5,35,43,44,42,44,42,45,43
1,36,44,15,43,45,43,46,44
6,37,45,45,44,46,44,47,45
9,34,46,46,45,47,45,48,46
2,38,47,47,46,48,46,49,47
8,39,48,48,47,49,47,50,48
11,40,49,49,48,50,48,51,49
6,41,50,50,49,51,49,52,50
1,42,51,51,50,52,50,53,51
1,12,52,52,13,53,51,54,52
9,43,53,53,51,54,52,55,53
2,35,54,54,52,55,53,56,54
10,44,55,55,50,56,54,57,55
8,45,56,56,53,57,55,58,56
2,2,57,57,54,58,56,59,57
9,46,58,58,55,59,57,60,45
1,24,59,59,56,60,58,61,58
3,47,60,60,57,61,59,62,59
11,30,61,61,58,62,60,36,60
5,48,62,62,59,63,61,63,61
6,49,63,63,60,64,62,64,62
10,50,64,64,61,65,63,65,63
11,17,65,65,62,66,64,66,57
7,17,66,66,63,67,65,67,64
3,51,67,67,64,68,66,68,36
9,52,18,2,65,69,67,69,65
5,20,68,68,66,70,18,70,66
4,53,69,69,67,71,68,71,67
1,54,70,70,68,72,69,72,68
9,6,71,71,69,73,70,73,69
7,50,72,72,70,74,71,74,70
6,27,73,73,68,46,72,75,71
6,29,74,74,71,75,73,76,72
1,1,75,75,72,76,49,77,73
6,17,76,76,73,77,74,78,74
9,55,77,77,74,78,21,62,75
6,56,78,55,75,79,75,79,76
9,1,79,78,17,80,76,55,77
7,32,80,79,53,81,38,80,78
10,57,81,80,76,82,77,81,79
3,5,82,81,72,83,78,82,80
6,24,83,82,77,84,79,83,81
10,58,84,83,78,85,80,84,7
10,14,85,84,79,86,81,85,82
2,33,86,85,80,87,82,86,83
10,14,87,86,81,88,83,87,84
5,30,88,87,5,26,84,88,85
11,31,89,88,82,89,81,89,86
8,59,90,89,83,90,85,90,87
6,44,91,90,84,91,86,91,88
8,60,92,91,85,92,67,92,89
7,61,93,70,86,93,87,23,90
7,18,94,92,87,94,88,93,91
4,41,95,93,67,95,89,94,92
9,62,96,94,88,96,90,95,93
11,50,97,95,89,97,91,96,94
6,23,98,96,90,24,3,97,95
10,63,99,97,91,98,27,98,96
4,64,100,98,58,2,92,99,97
3,65,101,99,92,20,93,100,98
7,14,102,100,93,99,94,101,99
2,25,103,101,87,100,95,102,100
10,32,104,102,94,101,96,103,101
6,58,105,103,95,12,93,104,102
2,12,106,104,76,102,97,105,103
9,63,49,42,39,103,98,106,104
4,56,107,105,96,104,99,107,105
6,66,108,106,97,105,100,108,106
6,67,109,95,64,106,67,109,107
4,51,110,93,98,35,101,110,108
3,25,111,107,99,56,102,111,109
3,7,112,108,100,107,103,112,110
6,68,113,109,101,99,94,113,111
5,31,114,110,102,108,104,114,112
2,34,115,111,80,109,55,37,113
5,69,116,112,103,83,105,115,114
6,35,117,113,104,110,106,116,75
11,18,118,114,105,40,107,117,21
4,70,47,115,106,111,108,118,115
7,71,119,116,107,112,109,119,116
3,72,120,117,108,113,110,120,117
9,73,121,118,12,114,111,27,118
8,51,122,119,52,115,112,92,119
1,20,123,120,109,116,113,116,120
6,35,124,121,110,117,114,121,121
8,61,125,122,111,118,115,37,122
7,70,126,96,112,119,116,122,62
4,74,127,123,86,120,117,123,123
9,75,126,124,113,121,118,124,124
5,68,128,125,59,90,85,125,125
6,29,129,126,114,122,119,126,126
2,29,130,127,115,81,120,127,127
2,1,14,128,116,123,121,128,128
6,75,131,129,107,124,122,129,129
4,76,132,34,117,125,123,130,130
2,41,133,130,118,126,124,8,131
10,42,134,100,86,127,49,131,132
1,5,135,131,119,128,116,46,110
3,43,136,132,120,129,125,132,133
10,49,137,133,121,130,72,133,134
5,2,138,134,122,131,51,134,135
7,77,139,135,123,132,42,120,136
6,78,65,136,124,133,109,135,30
7,39,140,137,125,112,126,136,137
10,79,141,138,126,134,127,137,138
1,80,142,139,127,135,128,14,139
11,30,143,140,128,136,24,138,29
7,64,144,70,129,137,129,139,16
8,67,145,118,130,138,21,140,140
5,58,146,141,97,139,55,141,141
1,30,147,142,131,140,86,142,6
10,48,148,143,132,141,130,143,142
11,81,149,144,6,142,131,144,143
4,57,150,145,133,143,132,145,144
1,73,151,146,134,144,133,146,57
4,13,152,147,135,25,134,147,145
7,25,153,148,136,145,135,148,146
10,20,154,81,137,146,136,149,131
5,37,155,149,138,124,106,150,147
2,29,156,65,139,147,97,151,148
7,82,157,66,140,148,137,152,131
10,48,158,150,141,149,138,153,149
1,64,159,151,142,25,139,154,150
6,30,160,152,121,150,10,155,151
8,52,161,153,143,151,45,156,152
8,33,162,101,144,152,140,157,153
4,4,163,154,145,153,141,145,154
9,9,164,155,146,44,130,158,155
10,83,165,156,147,154,142,56,156
4,56,166,157,128,155,143,159,157
1,12,167,158,148,156,119,120,158
10,78,168,159,149,157,144,160,159
9,84,169,160,150,158,145,161,160
8,1,170,47,151,159,101,98,161
10,12,148,161,152,160,146,162,109
4,42,171,162,153,161,147,163,162
5,44,172,163,154,162,148,18,163
3,55,173,164,98,22,149,164,164
11,85,157,72,155,163,148,165,165
7,86,174,165,75,164,150,166,166
11,12,175,166,156,165,151,167,58
9,87,176,167,157,166,152,168,167
5,54,177,161,152,160,153,169,168
10,56,178,19,158,167,154,170,169
5,88,179,108,55,168,155,171,170
3,75,180,168,159,169,156,172,170
4,27,181,63,160,170,157,173,171
7,47,182,169,161,171,20,174,172
1,5,69,170,162,172,61,175,173
11,89,129,171,163,173,47,176,174
1,90,183,172,89,174,143,177,175
9,20,184,173,164,175,108,178,176
5,27,185,174,165,176,158,96,177
5,91,186,175,150,158,159,49,178
7,21,187,176,166,58,90,69,179
7,92,188,110,19,177,160,92,180
1,85,189,177,167,178,161,179,181
3,83,190,178,46,179,162,180,182
7,37,191,128,116,180,163,181,183
7,88,192,179,168,153,114,182,153
1,42,193,180,169,181,164,183,136
5,83,194,181,80,182,165,184,184
6,76,195,182,104,183,166,147,185
4,85,196,183,73,184,106,185,186
3,73,197,184,170,185,167,186,18
3,43,198,185,171,186,166,187,187
8,11,64,186,172,187,168,188,188
8,91,120,53,42,188,117,24,189
10,30,176,187,173,189,169,189,155
1,15,199,188,10,190,170,130,190
10,15,200,189,174,191,12,190,191
6,92,201,49,175,192,153,191,192
1,23,202,190,176,193,171,192,193
9,24,203,191,177,40,59,193,194
11,19,204,190,178,126,18,50,195
6,8,205,192,179,95,172,194,196
3,93,206,63,16,194,173,195,95
8,29,64,193,10,195,21,196,197
2,81,207,194,180,196,174,197,198
3,66,208,195,71,197,175,198,199
2,28,209,196,63,198,176,152,200
4,9,210,11,181,199,70,199,201
7,34,211,197,182,200,143,200,202
10,94,212,143,178,201,177,201,203
4,95,213,176,77,202,178,202,204
11,30,214,91,183,122,167,203,205
6,28,215,198,29,203,98,204,206
4,95,216,199,184,204,179,205,207
3,26,217,200,185,205,180,206,208
9,1,218,201,69,206,181,207,209
8,47,87,202,186,207,182,208,210
3,89,219,203,16,208,183,122,211
5,14,220,23,109,91,184,209,102
3,67,221,176,187,209,185,210,212
6,78,222,204,188,210,186,211,213
5,84,223,205,19,211,187,212,78
5,96,204,115,189,212,188,213,214
11,55,224,38,190,213,122,214,215
5,45,225,62,59,214,189,101,115
9,95,226,206,100,215,190,215,216
11,38,227,37,16,216,191,216,217
11,79,228,207,191,217,192,217,10
7,4,229,208,164,25,46,218,129
9,54,163,209,85,218,193,219,218
11,56,230,166,192,219,194,220,219
6,64,87,210,164,193,195,221,220
6,92,231,211,193,220,98,53,221
6,32,170,212,155,9,196,222,222
7,49,232,36,194,122,119,223,62
2,51,20,213,195,187,168,224,223
9,47,233,214,196,114,111,225,224
5,34,234,215,197,221,143,226,223
11,96,208,216,22,222,68,117,225
7,21,235,217,198,223,197,227,226
11,95,236,218,26,58,39,228,4
10,76,237,161,199,224,21,220,227
3,48,238,182,167,175,198,229,228
9,88,239,219,66,225,199,230,229
6,9,240,220,115,226,200,50,230
1,21,241,221,200,227,100,72,163
5,61,242,222,201,125,201,231,231
9,2,243,223,202,204,202,232,232
4,80,244,224,181,207,57,233,233
7,26,71,114,203,129,157,234,234
3,89,245,204,188,228,66,62,235
11,97,234,73,204,83,203,235,236
7,13,246,225,205,201,204,236,237
3,91,247,43,189,142,22,110,183
5,96,248,94,151,229,88,161,238
8,80,198,217,105,230,90,237,239
6,42,249,226,161,143,132,238,240
1,36,46,227,206,231,205,84,241
2,3,250,228,83,232,206,137,242
9,63,251,229,173,233,207,239,243
11,84,252,230,207,76,208,214,88
9,88,225,231,208,179,162,240,244
9,3,253,91,48,234,160,241,245
5,87,254,232,178,235,209,176,246
6,97,255,233,178,236,43,242,247
6,94,256,234,209,237,210,243,248
10,88,257,6,210,238,114,244,249
4,34,258,112,143,239,164,5,250
3,30,259,93,211,240,145,245,18
10,98,260,212,49,241,211,193,251
4,99,261,182,104,242,61,59,252
4,99,16,72,49,243,212,246,126
2,97,262,235,58,195,213,247,12
11,100,263,236,80,244,214,248,253
7,7,27,142,212,245,215,249,254
8,75,264,237,51,246,180,237,255
6,30,265,150,213,247,216,250,256
8,101,266,238,214,28,217,251,257
4,56,267,111,215,248,218,252,258
3,97,59,239,216,249,219,253,207
3,40,268,240,217,250,12,168,259
4,37,269,43,41,251,220,254,260
8,79,270,241,218,252,221,255,261
7,30,271,242,219,143,132,256,262
8,16,272,243,220,10,10,257,198
1,18,57,102,77,253,82,141,256
3,31,273,244,221,254,222,258,263
1,83,72,245,117,255,216,259,264
2,45,274,246,222,256,223,260,265
1,63,260,247,223,257,224,261,266
4,88,275,248,132,258,225,262,267
3,85,276,249,224,141,130,5,268
1,4,161,250,225,230,186,176,269
6,95,277,251,226,259,226,263,270
2,37,278,252,227,260,159,264,271
11,86,279,58,228,227,100,177,272
8,1,280,253,229,261,227,147,80
11,45,281,254,230,262,228,265,93
10,16,282,36,231,263,206,266,273
5,5,283,255,232,250,12,267,274
10,25,284,256,233,162,148,268,275
8,24,285,257,57,47,229,269,276
8,42,61,258,149,264,154,98,71
2,22,286,90,234,182,39,165,80
6,57,257,259,228,265,230,270,42
9,9,287,231,235,8,223,271,277
8,2,246,260,22,266,231,247,278
10,44,288,261,236,65,7,272,279
3,98,289,216,237,267,173,215,280
4,40,290,262,238,268,119,207,281
7,18,291,263,75,54,45,273,232
1,17,98,3,229,269,232,274,282
9,30,292,264,51,93,207,275,283
6,99,95,265,34,264,233,276,284
1,75,293,266,213,270,234,277,285
7,18,294,267,15,271,216,278,252
7,51,295,268,239,110,235,228,286
9,39,296,269,240,272,33,279,201
9,61,10,270,241,273,236,280,287
10,17,297,225,242,274,157,58,288
1,102,298,271,243,275,237,66,289
2,25,224,154,145,276,238,185,290
11,88,176,272,244,277,239,281,126
8,22,94,82,21,69,240,218,291
1,59,299,106,245,248,147,88,292
11,102,300,273,231,278,241,282,293
9,90,301,8,129,279,236,283,294
1,63,302,230,246,280,242,284,295
9,11,303,274,149,281,54,285,43
9,67,246,263,247,282,243,200,212
11,84,304,275,61,283,244,286,296
10,103,305,276,248,284,245,287,297
3,50,128,277,249,285,192,288,298
4,65,178,278,250,273,246,289,299
4,12,306,279,163,286,171,290,4
6,79,307,280,248,287,247,291,178
6,4,308,7,251,288,248,292,300
9,16,309,173,38,289,249,293,301
1,57,46,45,63,50,163,294,302
3,44,310,281,252,43,121,72,303
4,1,311,282,161,290,250,295,294
1,45,312,283,182,291,251,252,304
5,6,152,151,236,264,252,296,305
8,103,290,186,186,149,236,240,306
11,1,313,284,141,119,68,297,99
7,88,314,285,253,292,253,39,307
5,65,266,286,254,49,47,298,308
3,46,315,287,255,199,254,188,309
1,4,316,106,256,293,255,299,21
10,59,317,7,257,294,7,300,310
4,36,318,58,258,84,28,301,311
7,1,319,288,28,295,256,302,122
11,82,256,13,131,296,257,303,166
3,13,320,289,259,297,258,304,312
7,40,321,290,260,298,259,305,313
8,96,322,291,261,299,260,306,314
11,33,323,292,235,300,261,7,151
7,73,271,293,262,301,238,130,94
2,33,324,294,164,170,157,307,3
10,58,139,222,237,93,87,247,60
9,93,325,295,201,302,155,308,315
10,100,326,296,263,293,255,309,92
3,75,327,297,244,303,48,310,316
9,100,328,298,150,202,2,311,282
6,25,8,189,175,118,262,312,317
3,66,329,7,72,304,263,313,318
8,6,330,273,41,228,264,314,319
11,70,331,120,109,37,265,219,320
10,38,332,299,107,65,266,315,46
11,88,333,300,264,168,108,316,300
8,91,334,301,265,305,14,266,321
5,32,40,302,113,106,91,317,322
3,4,335,158,266,18,267,318,323
5,57,336,176,153,175,268,17,324
1,79,337,303,142,306,269,319,325
9,88,338,106,267,307,144,291,326
3,29,339,304,202,308,246,320,153
7,4,340,305,268,309,49,308,327
1,2,341,306,212,310,214,134,328
1,32,202,307,269,311,78,321,329
3,58,98,308,270,312,130,84,76
2,67,342,309,206,313,258,322,330
4,81,343,173,271,314,270,323,331
4,45,344,108,272,146,271,101,81
8,91,345,38,273,172,61,324,332
3,62,346,7,251,315,272,84,333
1,75,347,310,274,62,99,68,313
10,14,348,311,249,309,36,325,197
2,25,349,70,129,316,273,326,334
11,94,350,312,275,20,87,327,304
4,90,351,65,269,125,214,328,43
3,88,132,168,244,167,274,329,335
9,34,352,313,192,317,87,72,336
2,49,353,42,214,318,275,330,337
11,58,354,314,276,319,161,331,185
5,35,130,225,122,294,276,332,290
4,33,355,94,117,320,277,1,338
11,94,356,113,77,321,2,70,339
4,21,357,315,277,322,278,288,340
6,89,2,316,278,323,234,333,341
6,73,358,317,82,287,279,294,342
6,77,181,318,18,324,280,298,72
6,40,359,319,84,277,123,334,20
3,13,360,320,148,41,250,335,343
11,76,185,321,279,325,281,336,344
1,81,361,188,10,198,80,337,266
5,32,58,173,95,326,52,338,293
8,104,165,223,202,313,250,339,345
5,21,362,322,164,327,282,340,187
3,57,34,8,280,328,202,113,346
7,30,281,323,82,329,283,341,18
3,60,363,324,251,330,232,224,347
5,37,364,325,281,238,180,342,348
5,43,365,326,135,206,202,145,144
10,91,366,269,282,89,106,343,349
4,20,367,99,283,62,99,344,350
5,16,368,327,284,331,284,345,17
7,105,120,328,257,332,209,62,351
9,58,188,329,285,116,140,232,352
11,101,7,330,87,20,79,346,353
5,6,6,331,286,333,285,180,146
5,75,113,332,51,140,286,112,354
8,13,240,333,270,334,287,347,355
10,27,369,76,53,335,178,348,356
4,92,370,334,264,336,288,349,91
4,23,170,335,287,297,98,350,325
4,38,371,257,71,337,213,351,139
2,5,372,333,270,209,289,352,139
2,33,232,336,288,338,290,353,176
1,14,373,337,289,185,291,65,348
8,37,20,3,290,339,292,354,357
3,86,374,155,117,340,293,355,358
5,73,111,207,191,314,32,356,359
4,97,24,338,287,298,294,357,360
11,8,178,187,291,122,119,49,269
2,4,287,339,85,307,37,358,361
4,7,375,55,64,4,136,359,134
7,43,122,340,126,341,253,360,362
6,84,214,341,48,342,98,168,128
6,86,376,192,179,317,165,227,363
8,104,377,197,182,343,258,266,116
2,19,378,145,227,115,263,361,364
3,33,379,137,292,332,295,362,365
9,68,263,277,282,344,96,363,250
6,97,14,342,142,345,296,364,44
11,44,319,343,293,196,297,365,353
6,70,315,344,294,217,298,157,366
2,45,368,150,124,346,299,366,367
8,78,39,345,295,347,300,367,16
11,38,380,245,177,348,27,368,368
8,42,381,223,202,349,101,369,369
5,98,39,346,296,350,279,370,54
4,100,280,133,297,306,301,371,370
2,16,136,263,247,351,69,372,232
1,80,315,321,279,352,255,78,371
10,87,188,341,298,353,296,373,151
4,32,382,347,299,354,302,17,272
6,101,140,348,123,355,18,374,372
11,12,232,294,189,127,214,117,373
2,51,383,349,300,356,67,375,110
10,18,384,233,178,305,130,12,374
6,95,140,350,301,350,211,24,266
6,9,146,351,149,357,236,376,375
10,74,74,352,214,358,303,377,376
11,88,385,353,302,225,22,378,377
2,6,386,140,128,359,144,379,337
1,73,56,45,197,358,304,380,378
9,4,387,354,303,233,21,381,247
2,18,388,247,304,100,51,264,172
3,35,6,252,227,128,79,382,338
6,53,389,11,158,360,10,383,193
8,15,390,263,75,361,305,384,379
5,74,260,355,208,191,306,14,197
6,8,204,356,272,362,305,314,380
10,43,391,357,213,363,307,385,381
4,74,149,358,305,150,125,386,382
7,65,200,359,31,212,308,387,383
5,28,172,255,306,364,309,259,381
7,12,392,271,243,365,166,388,384
11,52,72,97,213,366,15,309,206
8,13,170,360,307,367,310,389,385
11,12,393,361,308,343,300,110,386
10,4,390,309,309,171,71,98,161
8,12,394,226,223,107,311,390,387
6,59,242,45,250,120,312,391,28
9,57,395,362,232,165,151,392,388
9,11,226,261,236,368,62,393,120
11,31,212,83,209,261,28,394,375
10,73,396,363,310,369,57,395,389
7,70,397,281,186,370,313,396,277
7,19,170,335,89,371,314,397,390
5,80,330,364,249,262,169,398,391
9,92,398,365,311,372,119,84,22
11,10,224,366,298,130,72,399,392
6,5,399,234,312,274,17,400,393
2,12,178,134,313,373,195,401,394
2,105,400,76,279,318,315,402,395
8,54,56,367,5,374,316,403,284
10,53,401,86,123,226,317,246,396
6,82,402,35,314,375,63,346,397
10,56,318,146,122,285,318,404,398
4,65,403,368,154,295,256,405,170
1,41,366,116,95,376,319,406,399
8,62,122,369,183,30,320,398,400
7,69,140,370,315,377,321,407,163
10,64,404,371,316,357,322,408,161
1,51,405,371,46,378,316,340,106
10,84,406,65,317,379,16,409,401
10,101,407,165,231,380,323,371,24
4,103,310,372,79,24,52,410,53
3,24,206,65,139,381,51,398,391
9,43,408,373,318,286,119,411,402
10,1,409,374,161,382,173,412,180
10,23,116,247,22,383,324,377,403
3,6,410,309,148,384,304,413,56
11,9,411,375,174,285,325,361,404
9,15,412,60,152,385,88,414,405
7,36,413,162,153,386,326,159,14
1,32,414,348,40,51,49,415,406
2,76,415,376,319,165,327,416,407
6,15,41,377,320,387,328,417,408
3,54,135,201,59,373,102,418,144
8,77,416,248,103,388,313,419,141
5,29,417,43,279,389,269,420,243
10,57,281,120,189,390,329,421,98
7,68,300,378,154,391,65,307,409
1,23,418,379,278,360,219,422,410
7,29,419,202,78,392,145,423,43
2,1,130,380,296,393,330,32,411
2,15,114,88,59,265,308,424,412
9,7,420,371,321,394,331,425,413
7,87,217,119,244,395,299,271,414
7,35,421,263,94,396,232,48,415
9,48,422,381,322,12,332,426,416
11,103,423,29,54,365,279,260,417
10,50,424,382,323,358,333,88,164
8,39,337,383,324,397,88,427,396
5,69,425,112,136,398,288,295,418
9,52,426,384,288,301,40,428,419
9,45,425,385,77,13,6,429,420
11,67,427,386,325,102,333,430,47
10,78,170,118,130,342,149,431,273
1,91,428,387,279,399,151,432,365
7,43,429,388,70,400,334,266,161
7,12,361,142,168,137,335,433,101
5,36,430,365,326,56,247,434,212
7,16,86,389,327,354,151,248,421
4,82,431,390,252,401,259,55,422
8,12,163,391,68,402,336,42,423
1,19,432,392,328,403,328,435,424
11,78,433,32,329,404,337,389,425
3,72,434,393,330,405,280,436,426
6,13,435,394,314,270,338,437,427
1,65,436,395,77,155,236,46,428
11,102,60,356,207,406,276,438,139
11,19,185,47,142,407,339,338,429
5,67,437,396,322,84,340,355,430
1,51,438,282,5,152,140,439,431
8,104,439,78,331,8,341,392,126
4,102,440,397,171,408,168,141,318
8,87,327,398,332,409,181,440,48
4,78,434,399,283,410,342,441,432
11,35,441,154,273,411,47,308,433
10,85,442,346,333,380,62,269,284
2,56,443,400,78,412,93,442,434
8,99,444,401,334,83,203,6,139
1,100,445,96,34,413,343,84,16
7,30,446,157,142,194,344,443,435
8,4,447,402,120,406,184,132,436
1,43,10,357,154,164,230,444,437
1,32,241,245,117,129,49,445,176
1,55,448,403,78,396,345,446,438
1,99,449,305,45,182,254,447,320
6,97,450,341,335,209,167,323,439
11,90,451,118,336,414,330,169,440
8,49,452,111,337,415,318,448,410
4,12,91,116,338,126,231,449,316
9,104,453,127,3,416,254,450,113
8,88,454,22,339,417,181,451,441
2,48,455,404,143,418,282,452,442
1,91,456,116,103,419,95,229,443
9,9,457,405,234,238,337,453,330
10,43,437,325,92,312,346,454,367
5,53,458,406,37,420,84,191,444
5,80,459,344,333,300,261,455,445
8,69,88,1,219,420,69,456,446
9,43,460,407,340,421,185,457,447
3,97,14,230,341,171,347,458,448
8,97,461,67,64,422,102,459,75
3,56,113,408,9,423,348,460,232
10,6,386,409,342,30,320,195,449
4,60,462,394,314,424,259,461,450
8,1,137,410,60,425,43,462,451
2,57,311,411,343,426,4,400,63
5,80,409,412,13,401,259,5,452
11,6,197,413,344,407,241,463,453
2,21,463,212,199,327,349,464,4
2,92,464,414,345,427,350,384,454
10,72,129,300,346,285,130,162,455
10,62,465,415,20,87,219,3,456
5,14,466,107,99,428,351,244,17
4,9,38,129,106,429,291,465,457
7,92,467,416,308,430,72,223,45
4,71,468,379,347,431,332,466,201
3,95,375,417,155,8,352,467,167
10,27,169,137,116,432,353,468,458
9,41,469,418,321,433,354,469,459
5,36,103,419,281,434,355,267,160
6,78,470,317,264,261,356,187,329
11,106,471,117,348,315,357,470,58
9,65,399,420,349,435,337,471,379
3,58,256,421,350,268,119,354,460
7,71,472,422,351,263,41,145,461
10,1,473,329,285,224,183,161,462
2,54,386,423,305,197,44,472,463
5,50,92,40,38,285,192,383,316
2,51,474,424,81,436,154,473,464
7,27,131,369,352,431,21,474,465
6,81,475,425,245,262,358,475,298
3,106,148,81,353,437,307,476,1
4,100,6,206,22,305,359,477,6
7,12,56,96,112,438,105,375,127
6,87,455,39,37,439,321,309,62
1,30,476,401,321,440,128,478,458
5,32,477,426,354,441,360,36,466
10,95,140,427,355,442,285,382,467
11,43,184,361,356,443,282,479,233
9,63,268,108,357,117,114,480,33
5,104,478,428,358,274,107,190,468
5,14,402,221,116,5,255,481,469
5,102,414,429,359,34,317,482,196
8,25,410,18,152,139,55,483,470
9,44,35,253,262,363,361,327,471
4,55,479,369,206,431,16,5,472
2,67,271,430,79,444,190,228,473
7,11,15,354,192,58,195,334,474
3,107,480,431,360,14,70,384,475
7,28,218,79,147,278,362,225,97
6,37,137,432,168,445,360,16,476
3,95,481,397,361,166,363,484,215
1,94,170,265,362,264,230,485,453
10,1,482,433,363,446,335,132,477
10,1,483,7,68,293,331,486,478
7,41,187,174,9,118,96,127,479
2,79,484,180,364,305,289,478,224
10,51,393,283,154,28,123,72,480
10,28,485,434,365,318,315,310,481
6,3,486,400,186,447,354,487,251
10,45,487,293,25,319,284,291,241
9,46,488,435,366,306,301,488,482
4,74,489,436,367,448,118,88,483
7,3,490,314,171,88,358,134,348
9,96,491,437,189,61,330,489,484
6,7,201,438,159,215,162,379,446
1,4,20,133,209,291,227,490,339
4,89,492,258,132,286,364,468,246
5,67,75,439,309,207,365,491,485
3,8,493,440,368,130,72,492,486
9,8,129,441,369,65,7,137,152
4,46,295,411,122,449,115,34,18
10,82,494,442,370,259,213,493,487
9,21,495,264,51,101,124,93,99
7,10,496,443,371,321,366,494,308
11,13,447,408,372,241,367,120,488
4,70,497,444,310,376,294,495,465
9,61,498,23,236,31,30,496,462
5,11,499,403,100,166,152,204,489
7,31,500,293,373,450,357,11,383
9,21,501,142,374,262,358,22,490
5,1,496,445,375,125,368,204,491
6,68,502,407,86,451,369,119,492
10,56,503,344,215,151,145,440,317
5,14,504,446,50,154,142,157,240
2,30,505,447,292,101,186,497,493
8,28,506,448,75,452,192,393,494
5,3,507,397,305,274,80,498,495
1,78,508,65,139,121,370,385,212
10,74,509,449,140,44,88,499,496
6,14,510,450,146,311,73,500,497
6,96,511,291,159,453,91,501,498
8,70,512,170,376,454,14,307,499
3,89,513,137,46,455,209,237,380
3,98,458,38,377,216,191,502,500
7,1,514,445,164,456,351,503,501
1,86,285,451,102,457,168,504,502
1,80,344,44,56,458,371,505,80
6,4,515,452,51,387,180,506,221
10,76,516,299,45,459,65,9,503
1,27,517,109,155,272,33,478,504
3,83,518,282,270,460,101,507,293
11,49,519,370,378,461,278,502,505
1,44,412,453,268,462,52,310,506
4,51,271,36,219,450,357,508,507
10,44,520,454,69,199,70,509,226
5,32,217,455,14,463,372,510,508
2,37,169,456,190,393,89,511,293
5,87,521,457,379,329,265,17,283
11,11,522,93,32,293,255,223,230
2,96,523,458,81,464,130,512,509
8,41,6,289,380,138,373,26,377
5,21,524,315,369,427,374,154,328
4,26,61,424,220,465,375,452,129
9,101,428,299,25,206,181,513,50
7,58,137,459,269,358,376,514,510
9,20,382,458,340,285,147,515,511
5,24,525,187,381,8,377,192,239
3,66,526,393,104,205,258,113,424
2,17,333,304,250,466,378,516,227
10,68,527,184,67,467,347,186,512
6,1,225,460,382,304,226,33,32
1,38,528,461,383,187,379,430,513
4,53,529,351,33,401,104,517,80
9,107,326,462,384,433,29,2,514
9,106,530,463,4,468,184,358,403
7,70,531,464,248,469,380,319,363
3,69,532,465,385,470,381,288,4
7,23,317,27,49,273,240,518,515
11,47,77,425,245,471,382,519,190
2,29,533,466,1,368,322,29,486
8,42,265,467,386,472,383,237,87
8,41,521,386,174,60,155,520,358
4,80,534,265,103,106,91,269,516
5,5,535,181,80,473,206,521,517
2,31,303,343,36,474,146,472,518
3,49,536,468,387,269,159,522,132
6,89,537,469,1,244,226,523,519
2,8,271,233,388,464,104,327,520
6,78,146,312,194,475,384,524,521
6,22,538,79,389,203,163,10,522
4,75,539,379,347,240,145,525,255
6,100,36,470,358,476,135,469,523
11,41,540,169,161,477,25,526,409
11,91,541,457,83,466,365,527,491
2,98,542,37,390,459,50,25,524
8,51,543,333,309,423,385,528,525
6,48,476,77,193,478,246,529,451
10,95,55,106,391,479,226,530,202
7,4,544,471,85,26,26,531,37
5,83,545,472,116,14,366,532,526
10,20,150,400,274,157,300,180,95
7,56,546,296,171,242,118,533,97
5,50,528,473,316,270,338,433,527
11,44,14,91,134,480,75,534,83
2,83,547,384,22,150,386,535,528
8,40,548,140,392,307,272,486,529
11,13,192,95,72,370,387,536,3
8,41,549,29,288,128,70,537,530
7,51,550,474,103,26,179,68,531
4,1,551,475,68,126,388,538,532
10,63,37,137,295,204,202,258,533
1,3,447,305,268,345,383,539,361
8,3,552,193,171,343,258,458,163
3,34,553,476,373,481,177,540,515
9,57,554,368,393,337,369,541,293
7,92,555,477,394,482,119,542,389
5,98,464,223,202,257,378,543,300
9,107,148,350,395,483,70,37,534
5,69,556,426,161,335,67,420,535
9,101,125,43,55,91,16,436,536
10,17,220,478,168,259,306,544,537
3,96,557,348,396,107,136,254,2
9,23,558,327,207,484,134,56,252
6,29,559,479,241,79,389,545,538
10,63,91,295,90,485,74,35,539
1,21,147,480,391,48,344,533,540
5,66,293,481,270,404,390,265,541
4,44,540,482,85,486,391,500,287
9,69,141,483,397,37,48,112,326
3,67,560,84,398,203,392,546,542
6,17,561,484,235,476,22,547,46
3,49,562,485,19,487,79,548,318
3,89,287,281,399,119,301,475,95
5,104,563,196,275,159,393,549,543
7,77,479,486,87,305,218,99,535
11,102,564,78,237,488,394,270,272
5,74,565,94,229,489,100,550,544
9,33,566,139,127,490,395,378,257
5,60,567,335,400,364,205,551,545
11,1,46,487,293,139,55,552,546
7,37,568,314,35,442,285,379,447
1,4,217,70,269,491,396,19,315
5,28,569,488,54,39,386,553,547
4,99,367,489,163,492,397,554,548
2,81,570,490,401,493,398,555,549
9,1,383,120,109,494,399,181,80
4,61,571,350,395,495,176,556,490
4,59,572,231,401,108,104,16,513
7,47,572,358,305,496,90,115,539
10,55,573,112,402,8,400,557,217
5,42,155,454,403,235,401,558,529
4,100,574,491,182,497,402,220,515
6,103,268,492,276,432,224,559,550
3,68,575,174,404,498,403,560,227
11,72,576,276,271,271,404,561,53
7,51,166,493,77,79,224,372,307
4,4,577,345,295,102,391,435,461
7,82,159,494,405,348,405,562,551
4,66,496,495,79,61,61,325,16
1,32,233,488,345,86,393,563,552
9,12,578,334,185,488,406,435,102
4,85,192,256,373,470,381,89,151
2,94,579,401,334,499,180,564,553
5,42,580,130,202,500,407,314,489
3,44,581,65,62,335,178,365,554
4,33,582,49,115,501,408,557,227
3,71,36,69,294,502,49,565,482
1,82,267,458,22,343,386,320,555
2,1,145,496,406,118,236,566,556
6,82,583,497,406,503,409,567,557
4,80,290,137,407,504,25,250,558
8,82,584,498,22,60,180,568,125
8,37,585,499,178,457,366,569,559
11,18,225,93,2,128,79,120,560
11,52,586,22,325,505,336,517,105
7,11,522,354,243,249,248,312,561
11,64,443,156,147,337,212,570,238
7,102,587,430,406,288,22,553,432
1,97,588,219,208,365,135,571,62
3,44,589,500,378,506,157,572,161
4,28,537,294,164,507,410,255,160
10,33,399,133,408,185,411,573,491
11,27,590,501,92,508,365,574,562
8,104,262,502,340,313,412,575,465
9,36,514,503,10,474,146,338,293
3,93,591,504,378,509,208,3,563
7,23,492,505,75,449,271,561,564
4,30,592,42,119,477,413,576,84
5,67,593,506,178,237,414,577,565
11,44,171,360,230,510,400,142,566
8,53,586,149,243,511,360,578,567
3,33,104,141,244,156,230,579,568
1,103,594,292,113,512,415,10,418
10,77,571,233,358,513,416,580,569
2,3,595,438,409,301,414,437,570
8,10,596,507,410,514,102,306,571
9,38,46,268,367,515,388,5,250
6,4,373,508,271,213,384,416,572
6,4,597,16,411,12,109,581,573
3,47,588,155,117,339,98,582,574
6,92,518,509,412,431,55,356,359
3,23,175,510,125,112,109,512,575
8,43,513,64,63,516,417,400,102
11,94,565,511,7,183,219,288,576
9,41,52,167,412,487,331,114,577
11,77,598,403,78,173,50,59,578
1,19,599,22,378,162,217,409,579
7,104,600,295,413,437,225,583,231
11,38,601,512,414,296,196,169,24
9,95,576,403,100,477,336,584,580
4,87,539,513,415,488,119,120,151
2,80,482,414,412,473,418,585,480
10,34,602,514,42,517,185,586,388
11,57,69,313,192,518,229,587,581
8,13,603,515,105,519,419,588,582
5,16,380,264,339,354,186,589,149
3,61,299,410,265,520,420,590,449
10,105,506,94,243,20,207,591,431
9,92,44,17,416,331,284,397,327
3,84,360,226,16,521,274,592,583
10,44,604,120,92,403,390,593,334
3,64,605,49,84,383,70,224,584
8,60,140,486,389,522,98,476,585
7,106,606,337,289,58,90,255,586
10,18,518,471,7,345,296,177,226
8,91,607,516,274,523,334,223,587
8,36,275,437,299,127,49,431,588
6,105,608,412,25,43,421,445,204
1,56,609,393,330,524,405,190,589
5,60,417,435,65,4,136,214,590
4,69,610,90,146,525,70,81,97
4,21,611,517,318,449,370,593,591
11,103,612,518,211,526,422,537,131
3,49,180,519,417,527,423,499,592
1,48,613,97,170,497,156,594,225
2,68,597,191,252,359,144,595,157
11,90,614,32,309,313,33,27,593
9,92,615,56,55,484,234,596,594
10,24,616,402,418,46,381,597,75
10,8,617,88,82,455,424,469,139
5,46,470,520,419,426,259,120,595
8,103,618,196,420,326,52,205,351
8,22,310,206,244,301,117,507,596
11,96,619,233,421,39,403,365,597
10,12,620,90,277,92,343,54,159
6,27,395,110,102,528,403,190,204
8,53,298,521,209,205,227,592,598
6,58,354,83,63,452,425,26,592
3,37,64,522,413,515,426,598,173
11,53,566,523,82,258,56,225,599
1,82,55,488,391,327,383,599,600
1,55,621,334,298,529,321,41,21
10,24,392,284,32,530,347,393,294
5,12,256,411,343,433,354,123,601
6,2,32,66,422,212,327,273,348
1,59,318,393,198,531,427,600,261
1,20,378,524,70,532,428,601,432
3,99,458,263,230,533,21,602,602
2,83,375,263,215,296,196,542,83
8,78,622,525,73,534,237,603,603
7,96,427,265,186,118,33,604,604
7,5,365,418,216,535,284,538,587
11,102,623,138,100,536,54,605,605
10,88,624,65,188,2,224,226,606
4,52,625,526,423,70,342,606,607
10,93,180,194,261,15,425,607,49
5,39,403,26,154,326,77,231,227
1,85,21,527,206,516,417,423,608
6,4,626,528,424,524,405,608,126
9,25,298,147,135,537,33,609,263
1,91,627,497,417,538,396,610,481
8,8,278,529,397,485,429,521,80
5,23,209,17,257,539,77,497,609
2,75,268,378,154,383,283,611,192
9,69,628,276,214,75,73,612,557
6,69,59,530,71,497,156,111,288
9,60,24,99,283,99,94,613,588
7,1,187,531,78,348,150,614,454
6,105,84,383,124,321,283,28,60
1,61,339,532,236,55,430,79,11
2,47,316,533,244,3,3,615,610
6,86,480,385,425,188,10,605,36
3,98,629,474,337,540,146,5,611
2,26,428,534,426,541,288,456,525
1,99,356,498,427,8,400,357,612
9,101,285,461,383,542,165,482,613
8,76,229,535,428,358,25,187,329
11,91,630,61,255,346,13,371,614
9,25,419,192,179,435,431,616,110
6,71,302,157,294,543,432,370,615
2,49,229,536,62,544,431,320,27
11,19,260,452,23,398,403,617,121
5,34,631,537,103,308,246,618,387
2,1,632,445,429,351,433,247,616
7,80,537,538,132,545,197,497,617
2,47,580,539,104,60,58,619,618
10,26,260,65,156,546,57,620,168
7,57,633,233,203,180,163,621,619
3,65,435,299,45,215,17,622,305
3,15,634,31,104,161,220,623,500
5,50,180,114,430,547,67,12,574
7,60,635,498,356,548,349,266,43
4,51,497,396,392,82,156,624,620
11,17,636,66,152,427,160,77,17
7,74,637,292,357,222,45,625,301
6,14,271,361,125,7,41,468,621
7,81,638,419,275,549,14,405,622
3,54,34,491,335,264,434,223,452
7,52,296,540,431,398,66,2,520
9,22,639,462,384,245,215,193,283
11,68,541,396,430,523,318,626,623
1,16,475,268,367,76,6,367,179
2,47,184,541,432,550,7,188,624
2,64,640,168,253,45,103,408,98
10,17,542,71,433,551,338,627,625
2,23,641,433,72,419,399,310,438
6,90,642,356,272,552,435,41,626
2,30,31,493,77,18,18,404,117
3,42,54,7,84,341,436,628,51
8,102,643,403,119,553,200,629,575
4,49,644,172,434,116,140,630,502
7,87,376,4,355,465,375,280,86
1,91,381,542,198,530,292,631,627
5,8,645,259,76,554,437,632,570
11,11,548,7,435,485,207,172,628
2,6,491,311,50,555,414,633,144
9,99,526,543,309,257,378,509,121
4,75,450,257,265,493,258,634,581
9,7,165,544,161,556,87,54,629
1,98,66,447,182,134,127,599,134
11,15,646,545,391,89,438,635,76
6,84,365,546,297,169,205,636,74
4,81,647,547,220,305,130,34,195
2,14,47,384,170,358,174,637,476
7,78,644,548,436,275,237,638,621
3,39,180,330,413,466,195,639,158
10,74,648,367,391,172,66,640,94
5,102,484,215,155,40,93,92,14
3,33,5,245,437,557,39,641,504
4,29,10,65,52,558,391,642,139
9,28,568,549,142,9,78,137,302
5,44,234,421,350,377,106,643,433
4,91,649,499,178,559,257,644,397
