1,1,1,1,1,1,1,1,1,1,1,1,1
2,1,1,2,2,1,2,2,2,2,2,2,2
2,1,2,3,3,2,3,2,3,3,2,2,3
3,2,2,4,2,3,4,3,4,4,3,3,4
3,3,3,5,3,4,5,4,5,5,1,2,5
2,4,2,2,2,5,6,2,6,6,1,4,6
1,5,3,6,2,3,7,2,7,7,3,5,7
1,2,3,7,3,6,8,1,3,8,3,6,8
3,2,3,8,2,7,9,2,8,9,4,7,9
2,2,2,9,3,8,4,4,9,10,4,8,10
3,3,4,6,1,9,10,1,10,11,1,9,11
2,1,3,10,1,3,11,4,11,12,2,5,7
3,5,4,11,4,10,12,3,12,7,1,10,12
1,4,2,12,1,11,13,1,13,13,1,11,13
3,2,2,13,3,12,7,3,13,14,2,12,14
1,2,1,14,1,13,14,3,14,2,3,5,15
2,1,4,5,4,12,15,4,3,15,2,6,16
3,2,1,15,1,14,16,1,11,16,2,6,17
1,5,4,16,1,11,13,1,10,11,2,5,16
4,3,1,17,3,6,17,3,15,17,4,6,18
1,3,3,4,2,2,16,3,16,18,4,10,9
2,1,3,10,2,15,18,4,4,19,4,11,13
2,1,1,2,4,7,19,4,17,12,2,13,19
4,2,4,18,3,9,20,1,18,20,3,14,20
3,4,4,14,4,12,21,1,9,21,3,3,21
4,3,4,19,4,10,22,2,13,22,2,15,22
2,5,2,20,3,16,23,3,5,23,4,2,6
4,2,4,21,3,2,16,4,8,24,1,14,23
3,5,2,22,3,6,17,2,6,25,1,6,24
1,3,1,10,1,15,22,1,1,26,2,16,25
3,4,1,23,3,10,24,3,10,27,1,17,26
1,4,2,24,3,9,25,3,12,19,2,3,16
2,5,3,25,4,8,23,1,3,17,3,4,27
1,5,1,3,4,11,26,4,3,28,3,18,16
3,3,2,26,1,7,6,3,4,4,4,3,28
2,2,3,3,2,1,27,4,1,8,3,19,29
4,2,1,27,1,4,5,3,19,29,3,18,17
2,4,2,2,2,15,22,2,14,30,1,11,7
3,3,1,28,1,1,28,2,13,31,3,9,2
3,5,3,2,3,2,8,4,4,32,2,6,30
1,5,4,29,4,17,29,1,18,33,2,20,24
1,5,3,13,2,18,30,3,12,19,4,21,17
4,5,1,27,4,12,31,1,13,34,3,22,31
1,2,2,2,2,6,26,1,2,15,4,3,32
3,4,2,30,3,2,3,4,15,26,3,11,33
1,5,4,29,2,16,29,3,17,23,4,5,17
4,1,1,31,2,12,32,3,20,32,3,21,34
4,5,4,32,2,12,1,1,16,3,4,9,35
3,1,2,23,4,19,33,4,5,23,2,9,2
1,1,1,1,3,15,31,3,21,35,4,15,14
3,3,4,6,3,7,7,4,4,4,3,12,36
2,1,4,16,4,1,34,3,5,36,1,2,37
2,1,1,15,1,8,10,3,22,1,1,16,38
4,4,2,33,2,16,35,2,20,11,3,1,39
2,1,1,2,4,13,36,1,3,21,1,17,40
4,4,2,34,1,1,3,2,22,35,4,9,22
1,1,2,35,2,13,11,1,3,37,4,11,41
3,4,1,23,1,3,6,2,8,30,1,20,42
2,2,2,9,2,4,37,3,5,38,2,18,30
2,1,2,3,4,5,5,2,19,6,4,19,43
2,2,1,36,3,20,4,2,10,1,2,17,44
3,4,3,4,4,10,26,2,23,39,2,3,26
1,4,3,31,2,10,12,1,13,14,4,2,45
2,5,4,13,1,12,1,3,1,1,2,17,46
4,1,1,37,4,7,38,3,11,40,1,11,16
4,1,3,30,1,21,39,3,14,2,4,1,37
4,4,4,6,1,13,35,2,21,7,1,22,47
1,5,1,3,4,4,40,1,8,41,1,1,48
3,1,4,12,4,16,41,3,16,1,2,7,34
4,2,2,38,3,10,8,3,17,36,2,14,9
2,3,3,25,2,9,42,3,15,42,1,16,7
1,2,3,7,1,8,31,2,1,8,3,12,49
2,1,4,21,3,1,43,1,5,1,4,23,47
1,1,3,25,1,21,42,4,22,43,4,11,2
4,4,1,20,1,1,5,2,18,44,3,23,50
2,3,2,17,1,22,17,4,24,10,1,17,8
4,1,2,39,1,8,14,2,5,37,1,4,51
4,2,1,27,1,1,8,2,11,7,3,18,30
3,1,2,23,2,12,38,3,18,35,3,10,52
3,1,1,40,4,21,38,4,15,45,2,2,53
4,5,2,41,1,23,44,1,13,45,2,18,54
3,3,4,6,2,19,28,1,3,33,3,24,55
2,4,1,20,3,18,1,1,5,16,2,2,56
4,3,2,42,2,24,30,4,18,40,2,7,57
1,2,4,43,1,9,10,4,10,46,2,24,52
2,3,4,44,1,20,2,4,13,47,3,5,58
4,2,1,27,1,23,45,1,3,8,3,3,28
4,3,2,42,2,5,46,1,10,48,1,10,59
1,5,3,6,1,15,47,4,11,16,4,3,34
3,2,2,13,4,8,23,1,22,38,1,15,60
4,4,3,45,2,11,5,1,4,49,3,24,11
3,3,4,6,1,3,24,3,7,29,4,6,31
1,4,4,46,2,7,3,1,7,35,4,2,61
2,1,3,10,2,21,26,4,20,32,2,15,57
2,2,3,3,3,6,17,2,16,18,1,10,62
3,2,4,30,3,3,48,1,18,50,4,1,63
1,5,1,25,2,20,49,4,4,49,2,15,58
3,5,4,11,1,19,49,2,23,22,4,7,23
2,3,3,25,2,6,43,2,5,9,4,23,64
2,5,1,47,3,19,50,4,18,26,3,5,65
3,2,3,48,3,21,22,4,15,2,3,3,66
3,5,1,49,1,1,51,4,8,24,3,21,17
2,3,2,17,1,4,30,2,22,1,2,18,66
3,4,1,50,2,15,23,3,5,4,4,16,25
3,1,2,23,3,16,50,2,20,51,1,14,35
3,5,2,51,1,1,1,3,6,12,2,21,22
2,5,1,31,4,15,25,3,6,6,2,19,54
1,2,3,7,1,19,49,1,24,41,1,22,64
1,3,4,52,1,14,16,3,15,42,1,23,31
2,4,3,22,1,19,49,4,2,24,1,1,53
1,1,3,46,1,5,5,3,23,52,2,23,48
1,4,3,8,3,22,4,1,18,53,1,14,19
1,1,3,18,1,10,29,4,15,28,4,10,67
1,5,3,6,4,4,37,1,6,6,2,8,68
1,5,1,52,1,8,52,4,21,35,1,21,15
1,4,3,8,3,12,7,1,6,44,3,2,69
4,3,4,53,1,17,53,4,5,23,2,3,23
3,5,1,49,3,21,32,2,18,44,3,13,10
3,4,4,14,1,5,5,2,5,5,4,3,70
2,3,3,25,2,15,54,2,2,8,4,17,71
3,1,1,43,1,24,45,4,3,54,3,14,72
4,2,2,38,3,1,43,2,21,2,1,14,72
4,3,4,19,1,15,55,3,10,32,3,15,47
1,3,4,52,4,2,41,1,9,49,2,19,37
3,4,4,14,1,7,6,4,19,17,4,2,30
1,2,1,23,4,12,54,1,4,49,1,19,12
2,5,1,52,3,15,51,4,21,8,2,18,7
1,4,1,54,3,14,1,4,15,45,3,14,73
4,4,1,20,1,2,16,2,10,20,2,15,74
3,5,1,49,3,15,51,3,1,1,3,7,48
2,3,1,18,1,9,56,4,16,54,3,18,74
2,4,4,14,3,6,51,1,12,3,4,14,49
3,5,3,55,2,5,46,1,23,44,4,11,67
4,3,1,17,3,1,57,2,8,8,1,1,11
3,2,4,30,4,17,24,1,17,13,2,9,75
1,5,3,6,1,11,13,4,12,8,3,9,41
3,5,3,2,1,2,10,1,10,11,3,16,33
3,5,1,49,2,2,3,4,12,33,4,14,71
2,3,2,17,4,9,20,3,17,34,3,12,38
1,4,2,47,2,7,23,3,4,4,2,18,74
4,1,2,39,4,3,3,2,24,3,1,7,33
4,5,3,36,2,24,18,2,13,3,3,12,46
1,2,4,43,4,10,12,4,1,25,1,1,33
2,3,1,18,3,1,43,2,6,55,1,11,37
1,1,2,56,4,13,34,2,14,18,2,19,73
3,4,1,23,2,17,46,2,3,34,3,3,76
2,2,3,3,4,5,58,4,6,13,2,6,77
1,1,3,21,1,20,28,2,17,36,4,24,33
1,2,1,23,4,5,8,2,3,25,4,22,53
3,3,3,41,4,18,8,3,5,5,4,16,10
4,5,4,32,1,15,51,2,4,49,4,15,59
2,4,2,2,4,24,56,1,20,25,2,13,61
4,1,4,57,4,6,57,3,20,23,1,15,47
1,5,1,15,4,8,23,1,7,3,2,22,35
4,1,4,57,3,23,12,3,6,56,1,4,52
1,5,2,16,2,24,18,4,10,13,1,13,44
1,1,3,18,3,4,5,2,16,18,4,4,78
2,1,2,58,4,14,35,1,23,44,4,18,18
2,2,3,3,3,19,28,1,21,20,4,22,9
2,3,3,25,1,3,24,2,6,9,3,6,36
3,4,3,23,2,3,59,4,16,41,2,15,33
4,5,2,41,4,22,3,3,16,2,3,24,71
3,5,3,2,1,5,29,3,22,12,2,4,57
2,4,1,59,3,17,13,1,1,48,3,7,13
2,1,2,34,1,2,20,2,24,37,4,2,26
3,2,2,13,3,24,16,4,15,28,4,2,10
1,4,4,46,3,16,50,4,3,33,2,19,49
2,2,1,36,3,4,7,4,24,29,4,16,43
1,3,4,7,4,2,20,3,15,32,1,21,30
4,5,1,27,1,22,6,2,14,30,4,13,9
1,5,2,58,4,2,52,3,18,14,2,10,37
4,2,2,38,2,1,1,3,20,32,3,14,43
4,5,3,36,4,15,36,1,8,41,3,18,18
4,2,4,60,4,10,9,4,21,57,1,3,34
1,3,1,10,4,9,60,4,23,28,2,21,78
1,2,2,2,3,21,16,1,15,41,3,21,16
3,3,1,28,1,23,54,2,13,14,4,19,79
3,1,1,40,1,16,29,2,17,6,2,5,80
3,2,1,14,4,8,23,3,3,15,3,13,54
1,3,1,10,1,2,45,3,8,23,3,5,81
2,3,1,18,1,20,28,1,20,38,1,16,82
1,3,3,4,3,6,43,3,19,29,1,6,42
1,3,2,61,2,21,9,3,10,11,2,2,29
1,3,1,10,4,2,20,4,21,26,4,7,82
4,2,4,60,2,9,42,3,11,58,4,18,55
1,3,2,61,1,3,38,3,23,44,3,17,37
2,3,3,25,3,3,11,2,19,27,1,19,7
4,4,2,20,2,12,4,3,2,46,3,23,43
1,3,3,15,4,21,23,4,13,59,2,14,54
1,3,3,4,1,21,32,3,10,44,1,6,65
1,2,1,23,4,20,7,2,4,20,2,14,1
1,1,3,18,2,8,4,1,12,33,4,7,83
1,2,2,2,2,14,45,2,17,18,1,9,84
4,2,1,27,3,5,20,4,2,59,1,7,2
2,2,2,9,2,6,12,1,5,1,2,22,61
3,3,1,28,1,10,30,3,6,6,4,16,34
1,2,1,23,4,12,61,3,4,47,3,11,8
1,4,4,62,1,4,59,3,11,23,4,11,54
2,1,3,10,2,11,22,3,5,16,3,12,27
4,4,2,20,2,18,6,3,14,19,3,1,85
2,5,1,47,2,23,12,2,1,43,3,1,65
1,2,3,7,1,7,6,3,10,44,3,8,44
4,1,1,37,1,11,13,2,19,6,1,9,10
1,1,3,18,2,10,8,2,17,7,2,3,82
1,1,2,35,4,15,51,3,15,22,2,9,15
4,5,4,6,1,21,15,4,11,51,3,11,40
4,3,1,17,1,21,42,1,18,44,3,16,55
4,4,4,6,4,15,51,4,20,12,4,1,65
1,2,4,43,2,11,13,4,9,34,2,17,13
4,4,4,6,3,17,12,2,2,7,4,9,86
1,5,3,6,3,21,25,4,4,4,4,12,87
4,5,3,36,1,6,61,3,3,33,2,10,51
1,3,2,61,3,22,8,1,6,22,1,20,28
3,5,1,49,3,24,25,4,14,33,2,7,12
4,2,1,27,1,5,43,2,6,55,2,3,70
2,5,4,13,3,10,18,2,1,49,3,2,42
2,4,2,2,1,19,49,4,4,25,3,7,33
2,3,3,54,3,13,1,4,19,13,1,13,58
1,2,3,7,3,4,62,2,2,56,1,1,73
1,1,2,35,4,16,60,4,24,37,4,18,88
1,4,1,23,4,15,22,2,7,7,4,5,26
2,5,3,54,1,5,5,3,12,6,3,10,44
4,4,4,6,2,14,27,4,1,60,1,21,69
1,2,1,23,4,17,15,3,8,15,1,18,38
2,3,3,25,3,10,7,2,2,33,4,17,30
1,5,4,29,4,1,3,2,1,8,3,3,52
3,5,1,49,4,11,26,3,13,52,4,3,75
1,4,4,46,4,16,26,1,21,10,1,12,49
2,4,2,53,2,14,29,2,8,24,1,10,55
3,4,2,30,1,10,12,4,16,32,4,6,31
1,1,1,53,3,20,4,3,22,52,4,1,63
4,1,2,39,4,1,11,4,16,32,4,20,75
1,4,4,46,2,18,47,4,20,9,1,22,49
4,2,1,27,3,21,42,1,10,30,2,14,43
2,3,1,18,3,7,33,3,20,52,3,14,73
1,1,1,1,4,6,2,4,18,39,2,24,17
2,2,3,3,2,18,59,4,6,56,4,18,33
3,3,3,41,2,14,60,2,16,33,4,18,16
1,2,1,23,2,4,59,3,4,5,2,3,74
2,5,1,47,1,12,29,3,14,26,3,2,62
2,1,2,3,2,24,18,3,11,51,3,1,42
4,1,1,24,1,4,14,3,8,41,1,10,48
1,5,1,3,1,12,39,2,10,27,4,18,47
2,3,3,25,3,3,39,1,9,21,4,6,27
4,2,1,27,2,17,13,4,21,26,2,16,80
2,2,3,3,2,17,24,2,22,9,2,11,10
1,2,3,7,2,6,1,2,5,58,3,17,18
3,2,4,30,3,5,47,2,10,23,3,11,50
4,4,4,6,3,11,9,1,7,52,2,23,35
1,5,2,16,1,5,5,4,21,35,2,12,67
2,5,4,7,4,16,60,3,9,34,2,22,51
4,2,2,38,4,12,31,3,23,52,2,8,45
3,5,3,2,3,11,11,3,19,44,2,4,20
3,3,1,28,4,16,60,1,11,12,1,20,26
4,4,4,6,3,16,50,1,18,38,2,21,89
3,4,3,23,3,21,50,3,16,33,3,21,19
2,4,4,14,3,9,34,2,20,19,4,5,27
1,3,2,36,2,17,24,2,16,21,4,19,33
1,5,3,19,4,17,60,4,13,59,2,19,33
3,2,1,4,4,17,60,1,3,45,1,1,51
1,2,3,7,3,24,13,4,23,52,4,17,51
1,4,3,63,4,20,7,3,13,53,4,5,65
4,4,1,8,1,20,61,2,6,56,3,17,28
2,4,3,22,2,5,14,4,22,12,4,15,26
3,5,4,11,1,22,9,3,19,29,2,2,64
2,3,2,17,4,23,44,4,1,1,1,19,30
1,3,4,52,3,15,36,1,8,54,1,2,61
3,1,4,12,1,11,46,3,18,58,2,21,53
3,1,2,23,1,11,13,2,4,49,4,1,9
2,1,4,16,1,19,48,2,18,43,2,17,18
4,3,2,42,3,10,8,2,17,23,4,16,19
4,1,2,39,4,20,38,1,7,17,3,19,21
3,3,3,20,3,7,33,2,14,2,2,13,45
4,4,3,45,4,22,32,3,18,17,2,12,18
3,2,4,30,1,5,5,3,17,60,3,24,40
2,5,3,25,1,10,61,4,10,26,3,7,77
4,3,4,50,4,8,23,1,23,11,2,2,46
3,1,2,64,3,22,27,3,14,27,3,17,3
3,3,2,26,4,12,62,1,21,10,3,12,52
3,2,1,48,2,17,62,2,16,30,2,13,72
1,5,3,6,3,17,37,3,5,36,1,1,57
1,3,2,51,2,17,62,3,2,48,4,20,90
2,1,2,3,4,5,54,2,10,18,2,24,15
1,2,1,23,3,22,8,3,18,58,4,22,83
3,4,4,14,2,6,43,2,8,8,2,4,90
1,2,2,2,1,18,27,3,17,60,1,21,91
4,2,3,65,2,4,37,1,10,40,3,2,26
4,5,1,47,4,12,61,2,1,7,4,16,92
2,2,3,3,1,21,47,2,8,20,2,23,63
1,1,1,1,2,17,59,2,19,28,2,6,51
1,4,3,8,1,21,28,2,15,43,4,18,50
2,5,4,13,3,15,11,4,16,1,2,24,14
1,4,1,23,4,21,38,4,10,56,1,6,38
2,1,2,5,1,14,1,4,19,26,1,24,59
4,4,4,6,1,14,16,2,19,11,3,8,52
4,4,4,6,2,19,49,1,14,57,4,9,83
3,2,3,48,4,2,44,3,7,13,1,21,4
4,2,1,27,1,6,26,4,1,1,1,10,23
2,2,1,36,2,4,5,1,11,54,2,16,51
2,3,3,25,3,15,2,4,1,8,2,13,43
2,5,4,13,3,10,8,3,18,36,2,3,30
1,2,4,43,2,23,4,2,21,57,2,15,17
3,3,3,41,4,13,11,1,5,26,3,10,6
2,2,1,36,1,9,36,3,3,12,1,14,25
3,2,1,14,1,24,10,2,3,25,4,22,22
2,5,2,65,4,13,55,3,13,19,1,10,6
4,2,4,60,4,11,26,1,20,3,3,4,83
1,4,1,23,2,19,21,4,13,19,3,13,85
4,2,2,38,3,5,42,1,15,61,3,17,67
4,4,1,20,3,21,25,2,20,20,2,13,11
2,3,3,25,1,1,27,1,22,1,2,1,73
4,3,1,17,3,2,16,4,10,9,1,8,10
2,4,4,14,2,4,9,1,10,11,2,15,67
4,1,3,33,1,16,51,4,3,27,3,18,73
4,3,3,66,3,4,44,2,9,15,2,16,33
1,1,2,35,4,21,34,2,1,8,4,22,33
2,1,3,10,3,9,36,3,22,1,4,5,90
3,4,1,23,4,18,63,2,17,25,1,24,64
4,2,4,60,3,17,13,2,10,46,4,20,2
4,2,3,51,3,12,7,2,17,23,4,17,49
1,3,3,4,3,8,37,3,21,6,4,10,85
1,2,4,36,2,13,11,1,15,21,2,1,60
1,1,4,31,1,12,29,3,13,47,1,4,59
1,4,1,23,1,3,38,1,23,61,3,23,16
1,2,1,23,1,9,10,3,10,44,3,7,47
2,3,4,26,4,12,31,3,16,58,4,17,87
3,1,3,15,2,22,1,4,13,10,3,12,86
2,4,3,22,1,13,32,2,4,20,4,8,13
3,4,3,23,4,11,13,4,12,21,4,13,3
1,2,3,7,2,17,62,3,2,35,2,14,41
1,3,1,35,1,9,10,4,9,22,1,23,59
2,4,1,59,1,9,10,1,4,59,1,9,68
3,3,4,6,1,14,16,1,1,40,1,7,17
1,2,2,2,1,19,49,1,23,44,4,6,3
2,2,4,15,1,20,28,2,12,21,2,13,4
2,3,4,44,1,10,61,4,9,10,4,16,53
1,5,1,6,2,23,28,2,11,18,2,12,92
3,4,1,23,3,14,61,2,4,20,2,7,3
3,3,3,41,2,11,12,3,16,33,3,19,74
2,5,3,25,3,3,60,4,8,28,4,21,58
4,2,2,38,4,22,9,4,20,58,2,5,5
2,5,4,13,4,16,62,1,19,3,3,15,73
4,1,4,57,4,1,3,2,22,43,2,9,11
1,5,2,16,3,11,16,1,4,49,1,16,54
3,2,2,13,3,8,1,1,12,33,2,17,51
3,4,1,23,2,13,49,1,4,21,2,18,50
2,3,2,17,3,18,1,4,19,53,3,21,15
1,5,1,17,2,9,13,2,13,29,3,7,41
3,4,1,23,2,4,37,2,12,46,2,14,39
4,3,2,45,2,11,21,2,12,21,2,10,93
3,3,1,28,4,15,55,4,12,33,4,23,37
2,4,1,59,1,3,11,4,24,28,2,10,7
2,3,4,44,4,8,18,4,15,28,1,2,23
1,2,1,23,2,4,28,2,16,18,4,24,22
1,3,4,52,2,2,22,4,3,41,3,11,53
4,1,3,30,3,2,3,2,18,44,4,24,9
2,3,2,17,3,8,61,4,7,41,4,9,90
4,4,2,20,2,21,45,4,16,46,4,12,80
2,1,1,2,1,17,15,4,16,10,4,18,27
2,5,1,52,1,1,27,3,21,1,1,6,64
2,5,2,65,2,1,14,1,23,44,3,21,65
4,5,3,36,1,20,28,2,14,30,4,20,18
1,5,4,29,2,7,36,4,15,59,3,9,28
4,4,1,20,1,16,12,3,4,4,3,6,56
1,4,4,46,2,19,28,3,21,11,4,13,45
1,1,1,1,1,23,46,3,14,8,1,8,55
1,3,1,10,1,24,51,2,19,58,2,4,88
2,4,2,2,1,10,15,2,15,16,4,7,78
3,5,4,11,1,3,11,2,7,51,4,11,40
4,4,4,6,3,24,62,2,3,25,3,22,41
3,1,3,15,4,16,29,4,20,37,3,20,38
4,4,3,45,4,24,13,4,11,12,2,13,28
2,5,3,25,1,13,34,4,23,39,1,7,25
1,4,3,8,3,19,31,1,9,61,4,11,39
4,1,1,37,2,23,54,4,6,56,1,20,45
2,3,2,17,4,20,28,4,11,12,1,9,47
4,1,4,57,2,17,32,3,24,17,3,3,19
1,1,2,35,4,10,63,2,1,38,2,4,78
3,4,3,23,3,24,56,2,5,27,1,21,16
1,5,3,6,3,4,34,4,17,23,1,7,87
4,2,2,38,2,13,34,4,12,8,2,15,8
3,2,4,30,4,22,25,1,3,15,4,13,2
3,3,3,41,1,11,6,2,21,57,1,12,62
3,1,4,12,4,2,20,3,17,52,4,1,27
1,2,2,52,4,1,3,2,22,23,2,19,12
4,5,3,36,2,4,5,2,8,8,3,11,42
2,4,3,22,2,23,44,3,20,32,1,4,38
3,5,4,11,1,10,56,4,2,12,1,13,76
2,4,4,14,4,10,19,2,15,28,3,6,52
2,5,1,47,4,1,3,3,8,8,2,22,88
2,3,2,17,2,8,61,2,14,19,1,9,44
3,2,3,67,4,9,60,1,10,41,4,14,54
3,5,2,22,3,14,31,3,7,26,3,4,17
2,5,4,13,2,7,7,3,6,2,3,3,27
1,2,4,68,3,15,22,1,4,49,1,23,63
1,2,4,43,4,21,38,3,15,12,3,6,8
3,5,2,22,1,1,43,1,23,45,3,3,94
3,5,4,11,2,10,50,4,10,27,1,24,60
1,2,2,69,4,2,3,1,19,33,1,12,27
4,5,4,32,2,11,4,4,14,2,3,10,67
2,2,3,3,1,18,1,4,11,29,4,20,46
4,2,1,27,4,7,2,4,7,17,2,23,65
4,3,1,17,4,16,16,2,13,31,4,19,58
1,5,4,29,3,12,58,4,18,58,4,2,10
2,4,4,63,4,13,34,3,7,15,3,20,88
2,1,4,67,4,23,15,3,5,18,2,20,11
3,3,1,28,4,20,7,4,22,1,4,11,64
2,4,4,14,2,13,11,4,9,12,1,19,49
4,5,3,36,4,2,15,1,19,13,3,5,27
2,2,4,22,3,9,41,3,11,36,1,5,1
3,1,1,40,4,21,7,2,1,8,3,9,74
2,3,4,44,3,12,61,1,10,34,1,8,61
4,2,1,27,4,1,3,4,15,28,3,21,85
1,3,3,4,3,23,45,2,15,8,1,24,31
4,4,2,20,1,2,9,4,21,47,3,6,35
3,1,1,40,2,20,26,3,4,13,1,4,52
1,5,2,16,4,11,26,4,12,58,1,16,44
1,1,3,33,3,2,31,2,9,22,2,16,90
3,2,2,2,2,20,26,4,21,47,4,24,11
1,4,1,23,4,11,7,1,22,50,3,16,21
2,5,4,13,4,14,48,3,2,61,2,16,5
1,5,3,10,4,11,26,4,14,54,1,19,80
1,1,4,31,2,12,4,1,22,40,3,24,38
2,2,2,9,2,5,40,2,3,25,1,15,23
4,3,3,66,3,8,61,1,21,10,2,7,29
1,3,3,4,4,6,60,3,1,1,3,20,82
1,3,1,10,2,3,19,3,16,13,3,16,25
1,1,4,31,1,16,27,4,15,43,3,20,43
2,5,2,65,3,15,54,1,14,19,2,2,7
4,1,1,37,1,17,39,1,7,7,4,12,46
1,5,3,6,2,7,15,4,8,33,1,15,40
4,3,3,66,4,11,26,4,2,35,2,16,66
4,2,3,10,3,6,40,4,21,41,4,24,82
2,1,2,3,1,7,2,1,20,35,3,2,90
1,1,2,35,4,23,14,1,23,44,1,10,6
1,3,1,10,1,7,28,2,10,61,2,11,49
3,4,1,23,3,6,29,4,21,45,2,18,19
2,4,1,53,4,10,22,2,15,35,2,10,75
4,2,2,38,3,8,21,4,16,32,4,4,95
2,5,2,65,3,12,62,1,5,3,1,8,4
2,2,3,55,3,6,39,1,16,58,1,2,69
1,5,3,6,3,17,15,3,17,57,3,14,71
3,5,3,2,2,2,20,1,12,24,3,17,15
1,2,4,43,1,13,16,2,2,8,4,9,42
1,4,4,8,4,11,13,2,11,40,2,17,87
1,2,1,23,1,16,50,3,11,60,4,9,6
4,3,1,17,3,9,1,3,2,17,2,6,34
4,1,3,30,1,19,49,2,9,60,1,16,69
1,2,4,43,1,11,13,4,7,17,2,5,84
3,3,4,6,1,14,47,1,20,45,1,7,86
3,2,1,14,4,20,7,3,10,19,4,24,84
2,3,3,25,2,6,57,1,8,41,4,11,93
4,1,1,37,2,5,46,4,15,28,1,9,10
2,2,3,3,2,8,8,4,5,36,2,22,59
1,2,3,7,4,15,43,4,18,53,2,7,21
1,2,1,23,3,6,17,3,2,53,1,23,41
2,4,3,22,3,23,3,4,21,57,4,18,18
4,1,3,30,2,11,49,4,4,25,2,7,35
3,2,2,58,3,18,12,3,13,39,4,1,11
4,1,3,30,2,20,58,2,22,38,2,19,87
4,5,4,32,2,1,3,2,22,30,3,6,54
3,3,3,41,2,22,4,2,3,25,4,10,63
1,2,1,23,1,13,27,1,22,1,1,22,42
1,5,1,3,3,18,1,2,24,37,2,5,16
2,1,3,10,4,18,31,2,11,27,4,1,43
3,3,2,26,1,17,23,4,18,53,3,7,52
3,4,2,30,1,4,59,3,16,29,3,20,37
4,3,2,42,3,17,42,1,10,11,1,19,31
1,2,2,2,3,23,49,1,8,45,1,15,36
3,1,2,23,3,5,47,3,3,48,2,24,77
1,1,1,1,2,13,11,2,10,51,4,1,68
3,4,1,23,1,17,34,3,11,1,1,18,94
4,3,2,42,1,9,10,2,21,57,2,3,12
1,1,2,35,1,12,42,3,22,42,2,23,80
3,4,3,23,4,5,43,2,5,5,1,24,59
4,3,3,66,4,15,36,1,12,21,4,16,65
4,3,3,16,4,2,3,3,20,32,3,24,35
2,4,3,22,3,5,12,1,18,12,2,7,64
3,4,3,23,4,15,22,1,15,37,1,14,88
3,1,4,12,2,19,22,1,4,12,4,19,22
4,4,1,20,1,11,13,2,12,20,3,22,42
2,1,1,2,4,11,63,4,4,5,1,11,34
4,5,3,36,1,13,53,1,18,12,2,17,36
3,3,3,41,3,3,11,3,24,17,3,6,1
1,4,3,8,1,14,16,3,20,17,1,14,1
1,1,2,23,3,14,22,4,9,1,1,5,68
3,3,2,16,4,14,59,3,12,48,2,12,4
1,4,1,23,3,8,4,2,10,47,1,12,64
2,1,1,2,3,16,8,3,11,40,2,13,80
4,4,2,20,3,1,3,2,10,58,3,3,16
4,4,4,70,2,2,16,4,17,12,1,22,1
1,1,3,18,4,7,21,2,15,8,3,16,58
3,3,1,28,4,22,9,4,20,9,3,16,15
1,5,1,11,4,10,19,1,20,19,1,17,53
4,3,2,42,2,16,29,4,11,51,3,22,68
3,2,3,48,2,22,32,2,24,37,3,9,35
3,3,2,26,2,9,47,1,15,49,2,15,53
4,3,4,19,1,3,11,3,15,17,3,10,34
1,2,1,23,2,9,1,2,22,38,1,13,49
1,4,1,23,4,14,16,3,18,23,1,15,60
1,4,1,23,1,6,39,1,3,37,2,17,7
1,2,3,7,1,6,52,3,3,33,2,11,63
4,2,3,65,1,14,5,2,14,35,1,23,68
1,4,2,24,4,9,60,2,17,33,3,16,40
2,1,4,16,1,1,43,2,24,45,1,15,2
2,3,4,44,3,21,32,2,8,26,1,9,45
4,5,2,41,1,19,58,2,13,31,3,17,25
3,4,4,14,3,2,3,1,14,19,3,5,54
1,4,4,46,4,12,35,3,3,20,1,21,74
1,2,1,23,2,6,62,4,14,17,3,17,4
4,4,4,6,3,20,4,4,15,22,4,19,20
1,2,1,24,3,11,23,4,9,10,1,23,4
3,5,3,2,4,1,20,2,7,20,4,3,72
1,4,4,46,1,10,45,4,1,60,1,22,87
1,2,4,43,1,4,13,1,19,6,2,21,22
2,1,2,20,1,10,61,3,9,17,4,5,26
1,3,4,52,1,1,27,3,18,28,4,22,83
1,5,2,62,3,1,43,3,6,34,2,23,1
2,1,4,16,3,1,1,1,20,45,4,21,60
1,4,4,46,4,10,25,3,20,32,3,13,46
3,3,2,26,1,9,10,4,13,47,4,6,59
1,2,1,23,1,11,13,4,12,2,1,22,14
1,3,2,61,3,4,5,2,10,35,3,4,39
4,3,3,66,3,16,61,2,24,6,4,3,39
3,4,2,30,4,21,8,2,7,25,2,8,41
1,5,3,22,3,2,7,3,4,5,2,1,92
3,3,1,28,3,10,31,1,2,61,2,22,51
4,5,4,32,2,4,25,1,22,38,4,16,48
1,4,3,8,4,3,56,3,20,25,3,5,9
1,2,2,2,4,14,23,4,22,60,4,13,1
4,4,2,20,2,2,3,4,2,35,1,13,84
3,2,4,16,2,13,8,3,5,55,4,14,3
2,1,4,16,1,9,41,4,20,31,2,18,39
1,5,2,16,2,18,40,1,10,27,1,5,67
1,4,3,8,1,9,60,4,22,1,3,18,15
1,1,1,1,1,10,61,4,15,8,3,21,41
4,3,3,66,4,20,26,1,6,35,1,23,44
1,1,1,1,4,22,59,2,21,57,1,7,20
1,4,1,71,4,1,3,3,5,33,4,3,29
1,3,1,31,1,17,15,1,2,15,2,18,76
1,5,3,6,3,16,9,2,3,25,2,6,76
2,1,2,3,2,7,15,4,14,8,3,21,55
3,4,2,30,3,20,4,4,17,36,1,13,49
4,2,3,65,1,9,10,3,3,37,4,21,10
4,2,4,60,2,11,12,1,22,25,4,3,67
3,3,3,58,4,22,38,4,11,5,2,13,75
3,4,4,14,1,7,15,1,17,57,1,20,37
1,4,4,46,1,17,5,1,11,16,2,9,28
1,5,1,3,4,8,23,3,6,6,2,18,21
2,3,1,18,2,21,20,3,16,45,4,4,15
2,1,4,63,4,7,6,2,17,25,1,11,8
2,5,2,65,1,2,55,2,17,36,3,21,68
3,3,2,26,3,9,15,3,22,1,2,16,63
4,4,4,6,4,5,47,2,1,58,2,4,26
2,1,3,10,2,6,43,3,15,14,3,16,48
1,2,1,23,3,2,3,4,10,10,2,12,92
3,2,2,13,3,17,13,3,21,35,4,21,38
1,4,4,46,3,6,29,1,1,3,1,18,32
1,1,3,18,4,23,15,4,13,6,4,18,82
4,4,1,20,4,9,55,2,23,49,1,9,11
1,1,4,31,1,10,7,3,6,38,1,9,7
4,2,2,38,1,22,4,2,10,46,4,18,5
3,4,1,23,4,2,30,1,23,22,1,8,61
4,1,1,37,4,21,63,2,1,8,2,21,7
3,2,1,14,4,22,58,4,3,50,4,10,8
1,4,3,20,1,15,2,4,21,45,4,3,10
4,1,2,39,4,4,59,2,20,9,2,20,47
2,4,3,22,2,10,12,3,15,42,2,8,63
3,5,1,49,2,22,4,3,4,35,3,4,93
4,3,3,66,2,17,62,2,21,19,2,2,84
3,4,1,23,4,1,3,2,12,33,3,20,71
1,1,2,35,3,8,23,3,7,30,3,20,92
2,5,1,47,1,3,19,1,16,21,3,7,13
2,3,4,44,2,22,43,3,3,59,1,16,75
2,4,1,59,4,17,24,1,19,13,3,15,60
3,4,2,30,3,23,44,3,6,15,2,13,67
3,2,3,48,2,15,22,2,3,33,3,9,68
3,2,2,13,4,5,40,3,10,5,2,1,43
1,3,1,10,1,22,16,2,5,18,1,7,13
2,1,3,10,3,3,42,1,9,34,2,9,59
4,4,2,20,3,5,47,2,20,25,3,5,46
2,4,2,2,1,5,12,3,23,52,2,23,24
1,4,1,23,2,1,44,2,18,53,4,7,90
4,3,2,42,4,1,57,3,19,28,3,15,72
4,4,1,20,2,9,42,3,24,42,3,2,43
3,2,4,30,3,21,50,2,1,24,2,19,83
1,4,4,46,1,16,30,4,7,17,3,4,34
2,2,4,56,1,21,12,3,5,34,4,5,85
1,1,3,18,4,18,54,2,19,55,4,10,10
4,1,2,39,2,4,37,3,23,6,4,10,53
4,1,2,39,3,11,18,2,20,57,2,22,81
3,2,3,48,2,14,45,2,10,30,4,15,32
3,4,1,23,4,3,22,1,16,9,3,9,55
2,5,4,10,4,7,53,2,15,16,4,20,95
1,3,1,10,2,7,51,3,13,36,2,2,23
2,2,2,9,3,19,45,4,4,22,3,16,12
4,4,4,6,4,17,24,3,6,60,2,8,83
3,2,1,4,3,3,51,2,15,8,2,3,22
4,3,2,42,3,20,4,1,22,49,2,24,19
3,4,2,8,1,15,55,3,13,59,1,10,70
4,4,2,20,3,15,51,4,9,7,1,2,93
1,4,2,24,1,13,33,3,16,33,1,3,70
4,3,4,24,3,10,3,1,7,7,2,7,9
4,5,1,27,2,20,1,1,1,60,4,1,40
4,4,4,6,1,10,25,3,19,24,2,8,89
3,5,4,58,2,11,11,1,2,38,2,2,42
2,1,3,10,2,24,4,3,17,18,4,7,84
3,3,2,26,4,14,35,1,13,60,1,21,84
4,5,4,48,4,2,63,3,11,54,1,18,9
4,5,2,41,2,5,2,2,20,32,2,20,9
2,2,4,22,3,21,42,1,20,45,4,6,16
4,4,3,45,2,18,54,3,2,1,4,3,96
2,3,2,17,2,24,24,4,12,1,3,6,41
3,2,2,13,2,5,53,2,17,6,2,12,94
1,5,4,29,3,18,1,3,10,36,2,10,20
2,3,4,44,1,7,4,1,18,44,3,17,55
2,5,3,25,3,19,31,2,13,31,4,4,79
1,5,1,3,2,14,40,3,20,32,2,10,12
3,3,2,26,1,4,59,1,24,12,2,13,1
2,1,3,68,2,20,47,2,22,39,1,19,63
4,5,3,36,2,21,26,3,22,12,4,22,41
4,1,1,37,2,9,42,2,13,47,1,24,41
1,5,3,37,3,5,57,1,22,38,3,12,61
4,2,3,69,1,19,31,4,12,8,2,11,47
3,4,3,66,1,20,9,2,6,60,3,23,78
4,2,3,65,3,12,31,1,9,21,4,10,55
3,5,4,20,4,4,26,2,12,30,2,8,17
2,1,1,2,4,22,58,3,4,1,2,6,43
1,3,1,10,4,24,35,3,14,54,4,3,48
1,2,3,61,4,5,63,3,20,56,1,20,49
1,4,4,46,3,21,47,3,2,49,3,4,66
1,5,1,3,2,11,12,4,17,36,4,1,9
4,3,2,56,4,18,2,2,7,35,2,6,33
3,2,2,6,1,20,13,4,1,41,2,7,29
3,3,1,28,2,4,37,2,22,38,3,8,59
1,2,3,7,4,24,20,1,19,13,3,8,63
3,5,2,22,3,21,30,2,12,17,4,6,24
3,2,2,13,1,19,49,4,21,10,2,21,78
3,1,4,12,2,24,46,3,2,17,2,3,1
2,4,2,2,1,2,39,3,7,49,3,23,55
3,4,2,30,2,6,17,2,6,13,4,14,62
4,2,2,38,4,4,37,2,19,6,3,10,27
4,5,1,27,2,9,42,1,6,56,4,22,69
3,1,3,15,1,8,13,2,23,10,3,23,45
1,1,4,31,3,9,60,4,2,35,1,15,7
4,5,1,27,3,15,4,2,6,57,2,18,48
1,4,2,24,4,18,26,4,9,10,3,6,72
3,3,3,41,2,4,42,2,6,41,3,4,74
4,1,3,30,4,23,15,3,16,1,3,20,2
3,2,1,14,1,1,27,3,16,37,3,17,72
2,2,3,3,4,24,60,1,16,18,1,14,55
3,3,3,41,2,13,53,2,7,7,4,5,7
2,4,3,44,3,22,4,3,24,23,2,6,47
3,1,3,15,3,12,17,2,1,8,1,22,10
3,5,2,22,1,18,8,3,18,41,1,24,5
2,5,1,47,3,22,51,3,17,42,2,2,17
3,3,4,6,1,2,30,4,5,28,3,16,49
4,3,4,19,1,6,39,3,24,17,4,6,80
2,3,3,25,1,24,18,4,2,35,3,24,91
3,2,4,72,2,7,15,3,9,21,2,13,82
4,5,2,19,4,17,13,3,4,49,4,24,39
2,5,1,47,1,4,53,1,8,41,1,13,44
1,2,3,7,4,17,24,4,11,37,2,13,37
1,2,4,36,2,10,12,2,22,1,2,9,65
1,1,1,3,1,16,28,2,2,39,3,5,18
1,2,3,7,2,5,44,1,18,50,1,7,91
2,1,4,16,1,12,29,3,8,23,4,20,71
4,4,4,6,2,17,26,4,21,10,3,14,12
2,5,1,47,1,22,26,1,24,12,2,3,14
2,3,1,18,1,17,42,4,16,1,2,23,15
2,1,3,16,4,11,12,4,17,57,3,22,35
2,1,1,38,2,17,62,2,1,47,1,19,35
2,5,4,13,2,3,26,2,15,24,2,6,95
3,3,3,41,1,2,51,2,10,37,3,10,52
2,5,2,65,3,11,55,1,4,5,4,7,37
2,5,3,25,1,11,40,4,22,36,2,5,87
4,3,3,66,3,13,53,3,6,54,2,2,58
2,4,1,59,4,12,41,4,22,23,1,14,44
3,3,1,46,2,4,37,2,16,32,2,4,80
4,1,2,39,2,13,61,1,9,48,1,4,79
4,4,1,20,3,6,25,1,23,22,1,11,89
4,3,4,19,1,11,53,1,6,20,4,24,1
3,4,2,30,1,21,45,4,11,12,4,17,60
3,1,2,23,3,4,20,4,20,9,2,24,82
4,3,2,42,3,19,10,4,15,45,1,13,47
2,5,3,25,3,6,5,2,13,30,1,22,1
1,3,2,61,4,2,30,2,9,5,2,5,1
4,4,3,73,3,13,12,2,2,2,2,16,69
1,1,3,18,3,10,8,2,23,39,2,7,33
4,4,2,20,2,17,29,1,7,17,3,14,52
2,4,3,22,2,1,1,1,21,10,2,14,6
3,2,3,48,1,13,34,2,20,45,3,2,85
1,2,4,43,3,1,43,2,1,56,4,4,94
4,3,3,17,4,8,23,4,11,51,2,9,38
1,1,2,35,3,9,58,4,16,32,2,23,92
1,3,2,61,3,8,16,3,24,17,1,9,40
3,5,1,49,3,15,56,4,2,23,4,22,81
3,4,3,23,1,10,61,2,10,46,1,2,93
1,4,1,23,2,3,14,3,23,52,3,22,58
2,2,3,3,3,10,12,2,5,5,4,6,58
1,4,3,8,3,17,43,2,24,43,4,1,14
2,1,4,16,2,24,45,3,11,16,3,17,58
2,3,1,18,3,22,8,4,15,28,4,23,13
1,3,3,4,4,3,8,1,11,8,3,13,4
1,5,2,38,2,10,19,1,17,7,1,24,38
1,3,1,10,3,9,6,3,13,14,4,3,32
3,4,2,61,4,11,38,2,16,18,3,19,86
1,5,2,16,4,21,38,3,16,33,4,3,94
1,5,2,16,4,24,56,4,18,38,1,10,62
4,5,4,32,3,15,22,4,14,2,3,15,54
3,1,1,30,4,19,41,2,21,3,1,9,79
4,4,4,6,2,22,4,1,2,13,1,6,86
3,5,4,4,4,6,14,3,10,44,4,17,27
1,4,4,46,3,14,56,4,15,56,4,20,40
1,5,2,16,4,18,63,2,10,1,1,12,5
2,4,2,2,3,2,20,4,7,17,2,22,4
4,4,3,45,1,2,25,4,6,28,1,5,79
1,3,1,10,1,24,36,1,4,5,1,24,73
4,4,3,45,4,22,58,4,19,29,3,12,31
4,5,1,27,1,10,12,2,8,18,1,10,70
1,2,4,28,2,18,54,3,20,38,2,18,20
2,4,4,14,2,5,46,1,17,57,2,23,38
4,3,3,66,1,15,35,1,4,6,1,1,56
1,2,1,23,4,15,20,2,8,32,3,6,85
4,4,3,45,3,17,39,2,12,21,1,23,61
1,4,3,20,2,20,26,3,7,6,4,8,1
4,3,2,7,3,24,41,2,16,49,2,12,68
1,5,1,1,2,7,37,3,4,4,4,12,83
4,2,4,53,1,23,45,4,13,29,2,13,85
2,2,1,36,3,1,43,1,13,31,2,10,76
2,3,3,25,4,21,38,1,5,37,2,16,15
4,1,3,30,3,2,33,3,13,34,3,5,94
4,3,1,17,4,12,39,1,12,21,1,8,49
2,3,3,25,3,10,1,1,14,20,2,21,87
3,5,3,2,1,16,51,2,10,46,2,21,44
2,1,4,50,3,8,3,1,14,55,1,24,59
4,1,1,37,1,6,17,4,13,58,3,3,81
4,2,4,60,3,8,61,1,3,15,2,7,28
1,2,3,7,4,3,42,2,4,20,1,8,27
4,2,4,18,2,20,41,4,17,55,1,6,21
1,4,3,8,2,14,45,3,22,1,2,19,16
4,5,1,27,4,21,22,3,10,1,1,13,16
4,1,4,63,2,14,18,3,15,22,2,10,63
1,1,2,19,4,23,15,2,16,18,1,21,21
4,3,1,17,2,7,22,3,16,17,1,15,81
1,1,2,35,4,23,15,4,4,5,1,1,37
2,1,4,16,2,10,12,1,4,57,1,7,63
1,1,2,35,3,4,5,1,5,16,3,18,52
2,1,3,10,2,9,42,4,23,22,4,14,28
1,5,2,9,4,7,33,2,6,38,4,17,91
2,5,1,47,4,11,26,3,11,40,2,16,59
2,1,2,3,1,10,26,3,15,2,2,21,28
4,1,2,39,1,23,22,4,14,36,2,5,7
3,3,2,26,2,21,13,1,22,38,4,10,70
3,4,3,23,4,6,2,3,4,17,3,22,19
2,1,2,3,1,17,11,2,17,5,4,19,87
1,5,1,3,3,24,16,4,24,29,1,11,19
1,4,3,16,1,9,60,4,20,9,1,11,3
2,3,1,18,3,11,9,4,3,37,2,1,69
1,3,2,61,1,12,26,3,4,13,4,9,53
3,2,1,14,1,3,11,2,3,2,3,20,67
3,5,2,22,3,10,1,4,19,12,4,16,51
1,2,2,2,1,14,16,2,16,33,4,12,92
4,2,3,65,4,3,42,2,5,59,1,2,64
2,2,3,3,4,5,5,2,23,52,4,14,54
1,5,2,16,4,11,13,1,22,1,1,18,37
3,4,1,23,2,6,43,4,19,26,3,5,48
2,1,1,31,2,20,1,2,17,23,1,12,49
1,4,3,8,1,2,26,1,21,35,1,10,49
2,4,4,14,1,7,6,4,8,8,3,20,19
1,2,3,7,4,10,11,2,9,10,4,12,10
3,2,3,48,1,5,21,3,10,11,1,3,46
2,3,3,25,1,13,53,3,21,35,1,16,55
2,4,3,22,2,17,25,2,23,39,2,3,23
1,4,1,23,1,23,27,1,18,33,3,3,57
4,5,2,24,1,5,62,4,7,37,1,8,34
2,4,4,45,4,17,13,3,12,30,2,15,54
1,3,3,4,3,23,44,3,1,8,3,5,63
3,5,4,11,4,19,7,3,17,4,4,19,51
1,1,4,31,4,6,24,4,1,3,3,18,55
1,5,2,16,2,21,32,4,3,32,3,8,20
1,3,3,4,4,17,24,3,14,2,1,11,81
1,5,1,3,1,23,26,2,22,8,3,3,9
2,4,3,22,3,7,33,4,1,14,3,24,39
4,5,2,27,4,1,10,3,22,1,1,8,35
4,5,4,32,3,6,10,1,24,20,4,17,3
4,2,2,38,3,18,12,4,22,43,1,17,85
1,5,4,29,4,8,35,4,22,43,4,3,16
1,4,3,8,4,8,52,3,24,37,1,11,85
4,2,3,9,2,2,16,3,2,40,3,18,69
2,2,4,70,1,7,8,1,13,47,2,8,37
2,2,4,22,4,4,10,3,13,14,4,1,87
1,3,2,61,1,4,16,4,24,37,4,9,36
1,5,4,29,1,14,40,4,9,34,2,13,16
3,3,2,26,2,17,62,4,4,43,4,15,79
3,4,4,14,3,14,1,2,20,25,1,3,83
1,3,4,52,4,1,40,3,7,35,3,1,63
2,4,2,2,1,4,55,1,5,36,2,22,76
1,5,4,29,1,17,49,4,14,2,4,23,62
3,5,3,2,3,13,4,1,22,38,3,11,33
3,5,4,33,1,5,5,2,13,61,1,20,47
4,4,2,65,2,16,29,3,3,56,3,2,6
3,3,2,26,1,9,10,2,12,55,3,13,81
4,5,1,27,2,21,40,1,9,34,1,16,35
3,1,1,40,1,23,45,4,3,24,4,1,49
1,3,2,61,3,1,32,4,1,60,2,3,94
4,4,4,6,3,9,28,2,3,16,1,8,5
4,1,3,28,2,18,14,2,9,43,4,3,2
3,5,3,2,3,18,43,3,19,23,1,6,42
3,3,1,28,3,21,25,2,19,6,2,24,80
1,5,4,17,3,2,3,3,21,9,1,8,75
3,3,3,41,2,17,57,3,9,8,1,23,82
2,1,2,3,4,10,61,2,11,51,3,7,71
3,3,3,41,2,22,56,1,23,2,3,6,18
3,4,1,23,4,11,3,1,1,56,2,7,66
3,2,3,48,2,13,11,1,3,15,1,20,52
1,5,4,29,2,2,16,4,14,54,4,22,63
2,3,1,72,1,6,57,4,19,26,2,6,95
1,3,3,4,4,20,7,2,16,18,4,20,51
3,5,4,11,3,7,16,3,21,57,1,17,45
3,3,2,26,4,24,56,1,12,15,2,19,52
3,5,3,2,2,2,16,2,16,21,3,12,39
1,5,1,3,3,17,24,4,18,58,4,9,93
3,4,4,14,1,2,30,3,15,42,3,21,4
2,3,1,7,4,14,45,1,13,13,3,17,26
4,1,4,74,4,14,31,2,4,49,4,1,31
1,1,3,18,1,24,45,1,3,38,1,3,21
1,4,1,23,3,21,38,1,3,20,2,1,75
2,3,4,44,2,24,5,1,8,41,2,24,84
1,2,2,61,1,16,28,1,20,9,4,15,70
3,3,2,31,4,5,40,3,21,35,2,3,19
2,5,2,65,1,23,13,3,9,21,3,5,11
2,1,3,10,1,18,40,1,1,19,4,17,87
1,2,2,54,3,24,16,2,11,51,3,3,78
1,1,2,35,1,3,57,2,7,17,1,8,84
3,2,2,13,3,4,48,1,5,9,4,6,75
1,2,1,23,4,2,7,3,16,42,1,9,62
1,2,1,23,4,8,23,4,3,37,3,10,73
4,2,1,27,4,14,35,1,18,40,3,12,20
4,3,4,41,2,4,1,1,23,6,1,15,71
3,5,2,22,1,21,55,4,17,48,2,8,78
2,3,4,75,3,12,25,1,13,59,1,17,95
1,2,4,43,4,13,63,1,3,15,4,16,87
2,2,4,22,4,8,52,1,1,8,1,6,22
1,3,1,10,4,7,2,1,12,27,2,10,28
1,1,4,31,1,9,60,2,23,39,2,11,26
3,2,2,14,2,21,22,3,15,42,1,19,81
2,3,3,25,4,14,54,3,5,47,3,5,56
1,5,4,29,1,7,15,3,8,31,3,6,26
2,4,3,22,3,15,20,2,17,57,3,6,85
3,5,2,22,4,2,31,4,3,37,1,11,37
4,4,1,20,1,13,53,3,12,19,3,24,31
3,4,2,59,1,11,8,2,5,36,3,22,10
1,2,4,43,3,6,57,2,2,2,3,2,9
4,1,4,57,2,3,42,3,21,57,4,16,29
4,3,2,42,2,15,9,2,20,37,4,1,22
2,1,2,3,2,21,59,1,6,54,1,22,33
1,4,3,8,4,22,20,4,8,30,4,18,95
1,2,4,43,3,17,13,2,22,43,2,12,16
1,2,4,43,2,9,60,1,4,5,2,6,65
3,2,3,48,2,19,28,2,7,7,2,18,10
4,2,3,65,3,5,58,3,14,54,3,1,14
3,5,3,15,4,12,31,4,15,21,1,11,62
1,3,3,4,4,9,9,2,1,28,3,10,28
1,1,3,18,2,16,29,2,21,29,3,5,36
4,1,3,30,4,6,39,4,16,32,4,4,86
4,2,1,27,2,15,22,1,12,33,4,11,93
3,3,2,26,1,22,13,3,1,8,3,9,95
3,3,3,41,2,15,14,1,13,47,4,18,40
2,3,3,25,2,12,7,4,8,24,3,7,46
2,4,2,2,4,23,15,3,4,51,1,2,26
3,2,4,30,3,7,15,2,13,19,3,1,91
4,5,1,62,1,2,29,2,5,5,1,6,18
4,3,2,6,3,11,12,2,15,46,4,12,93
1,1,4,31,4,15,9,3,14,23,4,18,18
2,4,2,2,4,15,36,1,7,3,4,24,86
4,5,4,32,4,20,7,2,8,8,1,19,75
1,1,1,1,3,4,1,2,9,23,1,13,76
1,5,1,3,2,4,5,3,24,36,2,9,18
1,4,1,23,1,12,49,4,8,14,3,11,82
4,1,4,57,1,17,14,4,3,33,4,13,17
1,2,4,7,2,9,28,1,6,22,4,20,77
3,1,3,15,2,3,14,1,13,47,4,17,11
3,1,1,40,4,1,1,4,22,1,3,14,49
1,2,2,2,4,7,24,1,21,21,4,14,83
4,5,1,27,3,6,17,3,6,52,2,16,32
4,2,3,65,2,7,14,2,10,1,2,15,10
3,3,1,28,1,4,57,4,12,8,4,6,38
3,5,1,49,4,6,43,1,22,38,2,23,77
3,3,4,6,3,18,31,2,8,8,3,24,31
2,2,3,3,4,16,60,3,19,29,1,20,2
1,3,4,52,1,15,32,4,1,38,1,4,87
1,5,3,6,3,2,1,4,23,27,2,9,78
4,4,1,20,3,21,15,2,6,6,4,23,34
1,1,2,35,4,23,15,2,19,6,3,22,23
2,1,3,36,3,19,21,3,24,9,4,15,25
3,5,3,2,1,17,15,3,24,50,3,9,15
4,1,2,69,2,16,50,4,9,54,3,22,61
3,5,3,2,3,21,7,3,7,12,1,9,29
2,1,4,16,2,13,22,1,16,51,3,19,90
1,5,4,29,4,2,20,4,8,23,2,5,48
1,1,3,18,4,21,24,4,3,61,4,10,69
2,1,4,16,2,22,38,2,17,57,2,18,32
2,4,3,22,3,3,14,1,2,7,3,5,67
1,4,3,8,4,13,7,2,12,19,3,5,73
4,2,4,60,3,17,26,2,13,9,3,19,39
4,3,3,66,2,23,44,4,19,6,2,16,84
1,3,2,61,4,12,30,4,3,37,2,1,41
4,4,2,20,2,6,39,4,3,60,4,14,53
3,5,2,22,2,1,48,1,1,8,3,3,28
1,2,4,43,3,3,42,1,23,52,1,20,19
3,3,3,41,1,21,42,4,18,58,1,3,13
1,3,4,52,2,4,32,4,24,29,2,8,32
3,2,2,13,2,4,37,1,19,38,2,18,3
1,1,3,18,2,7,15,3,22,1,4,14,54
4,4,1,20,1,20,45,4,4,5,2,2,53
1,5,3,1,2,17,62,3,1,53,4,19,42
2,2,3,3,3,5,33,4,12,59,2,5,49
2,2,1,36,3,23,53,2,2,7,2,22,48
1,5,3,6,2,9,42,1,1,22,2,22,62
4,4,1,20,2,3,18,2,22,8,4,23,69
2,5,3,25,2,12,22,2,16,40,2,14,29
4,5,3,36,3,22,63,4,17,23,2,9,47
4,1,2,39,3,21,25,1,8,23,1,7,85
2,5,3,25,4,5,40,3,6,6,4,19,4
3,1,1,40,4,23,15,1,4,4,3,7,53
2,5,4,57,4,8,4,4,10,27,3,5,86
3,5,2,17,1,7,15,4,22,1,4,21,77
1,2,1,23,3,18,63,3,5,36,3,23,13
1,1,2,35,3,16,29,4,23,26,4,3,55
1,1,2,35,3,17,13,1,9,47,2,19,13
2,5,2,65,2,23,16,1,8,53,3,18,39
3,2,3,48,1,19,28,1,7,41,1,23,13
2,3,4,44,4,14,35,4,3,54,2,17,96
3,5,4,11,3,18,1,2,22,43,2,16,6
2,5,1,47,3,10,12,4,2,24,1,14,39
1,3,3,4,3,18,54,4,20,53,1,12,23
1,3,2,70,4,23,63,4,13,59,2,24,55
3,3,2,44,1,20,61,3,17,44,1,24,32
3,1,4,12,2,2,16,3,5,32,3,21,80
4,4,4,6,3,7,33,4,11,12,3,21,12
1,1,4,31,3,2,16,4,7,17,3,23,59
3,1,1,40,3,23,44,4,21,41,3,7,47
4,3,3,41,3,12,31,2,18,17,4,24,80
1,3,2,61,4,4,36,1,14,34,2,21,27
1,1,2,25,3,9,14,1,3,16,3,20,47
2,3,3,25,3,20,41,4,15,17,2,3,10
1,4,3,8,4,3,22,3,1,1,4,11,67
4,3,3,58,2,8,36,2,8,7,3,12,92
1,1,1,1,2,17,62,4,20,9,2,19,75
1,4,3,8,3,24,7,1,16,21,4,1,77
4,2,3,65,4,10,59,3,8,55,3,12,75
2,5,3,25,4,15,36,4,2,44,1,24,62
4,2,4,60,2,6,43,3,11,53,3,19,74
4,2,4,60,3,15,1,3,15,50,4,14,66
4,5,1,27,2,8,40,1,19,13,2,11,39
1,2,2,52,3,1,43,4,23,39,4,11,48
3,1,2,23,1,20,28,2,4,49,4,2,64
1,5,1,3,1,9,4,2,4,30,1,14,19
2,5,3,25,1,12,31,1,24,17,3,19,48
1,2,2,2,2,19,49,1,5,23,2,24,23
1,4,1,23,4,22,60,1,19,13,3,11,49
1,2,3,32,4,5,40,4,8,37,2,4,82
4,4,3,45,4,22,63,1,20,13,3,24,57
3,5,1,49,3,21,47,3,19,40,1,1,69
3,4,3,23,4,10,26,2,3,26,2,6,14
4,1,4,57,3,1,26,3,3,13,3,20,2
1,2,4,43,3,23,22,2,6,53,1,1,82
4,5,1,27,2,6,56,3,23,32,4,20,18
2,1,1,13,3,22,22,3,5,36,2,20,43
3,3,3,41,2,11,12,1,2,61,3,10,22
4,4,4,6,1,17,15,2,20,39,3,24,38
3,3,1,55,4,16,29,3,3,37,4,12,32
2,1,2,5,1,22,18,3,15,31,3,7,87
2,1,2,37,4,7,12,4,14,8,3,13,35
2,4,2,2,3,23,44,1,9,21,1,6,6
4,4,1,20,3,3,61,2,5,5,4,12,17
2,4,1,59,3,4,20,1,10,11,4,9,72
4,4,4,6,2,23,40,2,24,5,3,23,52
3,3,2,26,4,21,38,2,10,44,2,8,52
3,5,3,2,2,15,22,4,6,56,1,14,64
4,3,1,17,4,22,12,3,20,32,3,20,62
4,3,2,42,3,17,50,2,12,16,2,18,53
1,5,1,3,4,5,47,4,16,17,4,14,93
4,1,1,37,3,11,9,4,16,32,4,9,69
1,1,3,18,2,6,43,1,4,4,1,18,4
3,5,1,31,3,19,11,3,19,7,2,20,5
1,5,3,6,1,5,5,2,2,2,1,21,64
1,5,3,6,1,7,2,2,20,37,1,17,2
2,4,4,14,4,22,58,4,9,10,2,11,35
3,3,1,28,4,19,34,2,12,57,4,4,48
1,1,1,1,3,24,16,3,9,22,1,15,26
1,1,1,1,2,23,22,4,7,17,2,18,86
3,1,2,30,2,11,52,4,13,31,3,1,49
2,4,4,14,1,13,13,1,14,19,1,13,29
1,2,4,31,2,5,1,2,3,5,4,10,64
4,3,1,20,1,9,36,1,10,21,3,23,68
1,1,4,31,2,18,7,1,12,60,1,5,90
1,3,3,4,1,6,39,4,15,28,4,3,79
2,1,3,10,4,5,46,2,13,1,4,7,82
