1,1,1,1,1,1,1,1,1,1,1
2,2,2,2,2,2,2,2,2,2,2
3,3,3,3,3,3,3,3,3,2,3
4,4,4,4,1,4,4,4,4,3,4
5,5,5,5,3,5,5,3,1,3,5
6,6,6,6,2,6,6,4,1,4,6
7,7,7,7,1,2,7,4,4,5,7
8,8,8,8,4,2,8,5,1,6,8
9,9,9,9,3,3,3,3,4,1,9
10,10,10,10,3,1,9,4,1,4,10
11,11,11,11,2,7,10,6,4,1,11
12,12,12,12,4,4,11,4,3,6,12
5,5,13,13,1,8,12,5,4,1,13
13,5,14,14,2,1,13,5,3,5,14
14,13,15,15,1,9,14,4,2,4,15
9,14,16,16,2,10,3,5,4,6,16
15,15,17,17,1,5,15,4,1,3,11
16,16,18,18,5,11,12,5,1,4,8
17,17,19,19,2,12,16,5,1,4,17
18,18,20,20,4,13,17,3,2,5,18
19,19,21,21,4,14,15,2,2,6,19
20,20,22,22,5,10,18,1,3,2,20
21,21,23,23,2,15,19,1,4,6,21
13,5,24,24,4,2,20,3,3,2,19
22,8,25,25,2,4,21,1,3,4,22
23,22,26,26,1,16,22,6,2,4,21
16,23,27,19,3,15,23,5,1,3,23
24,24,28,27,1,17,24,3,4,2,13
25,25,29,28,1,2,7,6,2,6,24
26,26,30,29,1,18,10,6,1,1,23
27,27,31,30,2,13,25,1,1,4,25
28,28,32,31,3,19,16,1,4,4,26
27,29,14,8,3,11,26,3,3,5,27
29,30,14,32,5,16,27,6,1,6,24
30,31,28,33,2,19,28,6,4,6,28
31,32,33,33,5,20,29,4,1,3,23
32,10,34,17,2,8,30,2,2,5,29
33,33,8,34,2,7,10,6,4,1,28
34,3,35,16,4,4,11,3,3,4,30
26,26,5,6,3,5,17,6,1,1,31
29,30,24,24,5,7,31,6,3,6,12
35,34,16,35,1,6,2,5,3,3,32
20,35,36,27,1,3,32,5,3,1,32
8,36,37,36,1,11,17,2,3,2,20
36,37,38,37,2,14,33,5,1,2,33
37,38,8,34,5,2,34,2,4,6,9
38,39,32,31,2,18,16,4,2,2,12
36,37,39,27,1,19,35,6,2,6,22
15,32,40,5,5,1,2,1,4,3,34
10,40,19,19,4,21,36,1,4,3,1
39,41,41,12,5,6,28,1,3,1,11
40,42,1,38,4,14,15,6,1,2,35
41,43,42,35,3,22,5,4,3,3,36
42,44,17,39,2,4,21,1,1,3,37
43,45,43,32,2,11,37,4,1,4,38
44,38,44,2,5,8,38,4,2,5,29
45,46,33,26,1,21,39,6,1,4,21
17,17,45,40,5,15,31,3,2,6,39
7,47,38,37,1,18,34,2,1,3,4
46,37,46,41,1,22,40,2,3,2,40
44,48,47,15,5,15,41,3,2,1,23
47,49,45,40,4,1,30,5,4,1,40
48,50,48,42,3,7,42,6,3,4,41
40,42,8,37,1,21,39,3,3,1,23
31,32,49,43,5,19,28,2,1,4,4
16,51,50,44,4,3,43,6,2,6,39
49,20,37,13,4,21,16,4,4,2,21
38,28,51,35,5,18,29,1,1,4,42
50,6,52,7,1,10,8,4,2,3,15
51,52,53,45,3,15,23,3,4,5,43
52,10,54,46,5,22,40,3,4,3,44
53,21,9,25,5,16,44,2,4,1,38
54,53,55,47,2,12,45,5,3,6,45
55,54,3,48,3,17,46,3,2,5,19
16,12,24,49,2,20,46,4,3,3,21
10,40,56,34,3,9,1,2,2,4,46
10,55,57,50,1,4,7,2,4,6,26
56,25,33,33,1,15,14,2,3,4,1
16,56,58,49,1,14,34,6,1,6,47
57,30,59,13,3,9,1,4,2,5,48
24,57,60,17,2,20,46,2,3,4,49
37,38,61,39,5,10,18,3,1,5,2
58,12,41,51,5,13,11,6,4,6,50
59,58,32,31,5,22,40,6,2,2,51
60,2,62,18,2,4,21,1,4,4,26
61,59,61,52,5,4,30,1,2,1,9
62,48,63,27,1,19,35,6,3,2,27
48,36,54,17,5,16,47,1,2,2,10
25,60,20,53,2,9,5,4,1,5,25
63,37,58,50,1,16,22,4,3,1,52
23,60,52,13,2,21,16,4,2,1,53
64,61,64,38,5,3,23,5,4,1,54
12,62,65,10,4,12,39,2,3,4,41
65,14,55,9,1,4,4,4,3,5,25
61,59,7,10,3,16,14,6,4,6,40
21,54,25,54,5,13,8,2,4,4,55
7,7,66,9,2,17,26,2,1,4,17
66,16,2,55,4,15,48,1,2,6,35
67,63,67,56,5,16,27,4,2,1,1
45,64,32,57,1,19,35,6,1,2,49
35,65,45,40,2,8,30,4,4,4,49
43,45,32,54,4,17,49,4,4,3,56
68,66,68,5,3,1,9,4,3,6,18
69,67,69,58,1,3,32,5,1,1,57
70,68,70,49,2,5,50,6,4,3,56
51,69,71,44,4,23,51,2,4,4,46
71,70,72,31,4,2,52,2,3,4,58
72,67,13,20,2,14,33,2,1,5,59
73,71,65,53,1,19,35,5,4,5,60
39,39,73,12,4,13,17,6,3,5,61
58,72,4,21,1,20,53,6,1,2,36
74,40,73,24,2,11,37,4,4,5,62
57,2,74,9,2,7,10,1,4,1,31
29,30,46,38,3,7,54,6,4,3,1
37,38,75,22,2,12,48,2,4,3,26
36,22,57,34,5,2,34,3,1,2,34
62,48,26,48,4,9,6,5,1,2,44
19,19,63,27,4,18,42,6,3,1,63
47,12,38,26,4,24,3,2,2,2,64
43,73,18,30,4,9,6,4,3,5,36
65,55,41,57,3,16,14,1,3,3,8
5,51,59,13,1,3,43,6,3,5,36
75,74,76,59,3,21,52,6,4,2,13
50,75,4,17,5,1,30,1,3,2,61
39,74,73,49,1,13,55,3,3,5,22
22,76,10,10,3,21,56,4,2,1,35
28,53,77,29,2,24,57,1,2,1,16
76,27,78,60,1,6,2,5,2,6,16
77,15,42,59,1,7,8,2,4,3,24
78,8,79,7,1,15,14,1,4,4,26
40,42,80,22,2,2,47,1,4,6,65
79,77,79,61,1,4,4,1,2,1,23
30,78,81,21,3,2,11,3,3,2,66
80,1,8,34,4,3,43,2,3,3,11
16,79,63,27,4,19,58,1,3,2,61
81,49,75,32,2,10,59,1,4,1,65
82,14,82,2,3,7,60,1,4,6,35
73,80,20,19,4,17,11,1,2,1,40
83,20,81,21,3,18,6,1,4,5,67
32,10,83,18,1,23,18,4,3,2,5
46,37,84,62,3,9,1,6,3,3,6
64,10,52,18,2,9,5,5,3,5,68
80,23,85,63,4,12,52,6,4,2,56
12,62,45,11,5,11,12,2,2,1,69
23,81,86,38,4,3,39,1,2,6,70
48,53,53,45,1,9,14,6,1,5,35
31,82,87,64,2,22,41,4,3,3,67
81,83,48,4,4,14,15,6,1,6,22
84,78,61,39,1,14,29,3,3,2,18
27,84,88,65,2,10,59,6,2,3,2
58,22,77,63,5,14,61,6,4,6,50
85,77,89,12,1,21,39,1,2,2,27
86,85,78,5,4,6,62,3,1,1,68
9,14,59,13,5,17,25,4,4,3,4
53,21,85,25,5,8,16,1,1,2,71
87,81,90,55,3,8,63,3,2,1,19
88,30,72,54,4,10,64,6,3,3,36
67,63,36,66,1,13,65,1,1,3,21
41,86,79,61,5,9,43,5,2,6,18
89,87,58,3,1,20,53,5,4,6,21
90,47,77,63,4,13,39,4,4,1,72
2,4,91,64,2,2,66,5,4,6,73
29,30,48,42,4,21,59,5,4,1,39
46,88,66,20,1,3,32,5,4,5,21
91,50,34,17,3,12,61,1,1,6,9
92,66,75,24,1,18,17,4,4,2,74
19,19,48,42,2,20,46,5,3,4,71
84,78,70,10,3,18,6,4,4,1,75
93,43,20,64,1,3,67,3,3,5,55
6,69,70,49,3,8,63,6,4,6,2
53,21,65,45,2,17,68,6,4,6,76
62,10,92,67,3,11,29,6,2,1,77
61,59,49,68,2,17,26,4,4,4,37
94,30,93,2,1,14,34,5,4,4,28
73,89,79,61,2,9,5,5,3,6,34
21,54,8,3,4,4,24,2,4,2,78
95,58,94,69,4,19,69,5,1,4,2
38,32,56,7,2,19,30,2,4,4,24
46,37,29,28,3,9,1,1,4,5,22
96,70,95,64,5,4,67,1,4,1,43
19,15,50,62,1,5,70,3,1,5,36
35,71,16,70,4,1,30,2,1,6,76
97,72,44,47,3,3,71,4,3,4,35
8,8,96,59,1,21,39,3,3,4,77
76,27,67,56,1,23,49,6,4,4,53
98,76,13,71,4,7,60,2,1,5,56
64,10,95,67,3,24,17,2,1,3,79
10,40,85,4,2,11,37,3,2,1,47
89,28,97,6,3,2,72,6,2,4,52
60,2,97,43,4,8,5,5,4,5,29
66,16,98,33,1,4,3,1,2,3,24
36,37,66,64,5,19,73,1,2,2,10
99,75,99,24,5,6,28,5,3,5,46
88,72,24,24,3,12,65,4,3,2,29
68,90,14,40,4,22,68,6,2,3,21
72,68,100,70,1,22,40,4,1,4,7
100,91,48,42,3,24,17,3,4,4,75
26,26,26,26,2,16,5,5,3,2,27
84,78,101,68,2,22,41,3,1,4,7
67,19,79,15,5,19,28,5,2,6,16
99,92,24,24,4,10,43,3,3,4,77
57,26,18,30,3,2,74,3,1,1,36
61,59,53,45,1,1,1,5,2,5,39
72,68,102,15,5,21,45,3,4,6,43
81,93,92,67,3,24,75,4,3,1,75
65,47,76,31,1,13,76,3,2,2,19
79,77,50,54,4,8,5,5,2,5,31
33,94,36,56,3,6,60,1,2,3,11
93,43,67,72,2,19,30,4,1,5,62
79,45,5,6,4,21,36,6,4,6,63
36,37,72,49,5,6,50,3,1,5,43
97,95,12,70,2,18,58,4,2,4,23
3,90,68,72,1,18,66,2,4,3,26
98,49,95,38,5,20,29,2,2,3,80
70,68,12,49,4,10,63,5,3,6,16
70,68,8,73,1,9,77,4,3,1,38
101,34,26,9,5,19,78,6,3,5,69
37,38,20,32,3,13,28,2,1,3,81
88,13,49,43,1,11,17,3,2,5,68
76,27,36,66,1,23,53,4,1,2,45
17,96,103,30,2,20,32,3,2,3,35
98,11,94,10,2,15,19,5,2,4,31
44,48,85,20,2,7,10,6,4,4,20
59,59,52,74,1,23,53,2,1,5,69
38,32,7,7,5,23,2,5,4,4,28
78,75,103,7,3,23,63,4,3,2,77
10,40,67,33,3,22,5,4,4,1,72
30,8,21,21,3,8,63,3,2,1,23
102,16,21,23,4,22,79,4,3,3,13
4,97,14,8,3,1,9,6,3,6,69
63,44,91,72,2,13,25,5,3,5,68
103,98,104,40,5,9,43,5,1,3,36
53,46,105,56,4,22,68,3,3,1,3
90,47,106,70,2,13,25,5,2,6,14
51,69,60,25,3,3,3,5,1,2,16
104,58,104,52,3,13,78,6,1,2,8
46,37,4,4,5,13,80,2,3,5,36
31,97,46,42,4,22,68,4,4,1,78
52,7,57,18,5,6,28,2,1,3,45
62,48,29,28,4,5,71,5,4,5,14
37,38,31,65,3,21,8,6,3,4,23
27,27,59,13,4,23,81,6,2,6,47
89,99,38,37,3,18,82,1,2,1,73
3,38,22,22,5,14,2,4,3,5,51
49,100,100,75,5,12,83,4,1,4,15
92,66,104,10,3,10,64,6,3,6,39
67,79,51,47,3,10,84,4,1,2,51
83,20,20,34,2,22,41,2,1,2,20
76,27,8,34,5,21,45,4,4,6,11
22,8,28,27,4,20,85,6,2,4,52
73,71,92,67,3,18,6,4,3,1,1
6,87,107,34,2,11,37,6,3,2,3
19,19,82,63,1,16,22,4,2,5,29
84,39,23,45,1,12,60,1,4,5,50
98,76,87,60,5,1,86,3,3,4,77
105,54,87,3,4,4,11,4,4,5,50
76,27,59,13,1,22,40,1,4,5,1
106,99,61,23,1,11,17,4,4,2,64
96,10,17,59,3,9,2,3,3,2,29
34,100,40,61,2,15,19,4,4,2,79
6,10,2,61,4,4,11,5,2,5,68
7,7,85,76,4,10,63,3,2,5,12
78,97,108,58,5,22,77,5,2,3,32
107,33,22,22,4,20,87,5,1,2,39
38,32,88,5,3,14,25,5,2,5,71
38,32,102,68,4,12,52,2,3,4,60
56,9,20,53,2,11,37,4,2,3,62
83,20,56,7,1,8,12,3,2,5,1
40,42,8,34,5,19,28,1,2,2,10
66,16,74,68,2,1,22,6,4,5,76
8,8,85,7,1,11,17,5,4,1,26
3,11,71,25,4,15,16,2,2,2,65
63,44,69,58,1,1,88,5,2,5,66
32,10,12,28,4,14,15,5,3,3,40
90,101,51,57,1,11,17,4,3,5,25
19,19,66,15,4,13,17,5,1,3,61
63,44,72,49,5,16,85,6,3,2,36
3,66,59,47,2,20,46,3,4,6,12
104,56,25,5,2,10,59,2,3,6,1
97,95,75,65,1,8,12,6,1,1,3
108,10,30,77,2,6,64,6,1,2,3
92,66,15,52,5,10,18,4,4,6,49
40,42,43,68,4,7,60,5,3,4,54
36,47,42,40,2,24,74,4,2,5,24
23,81,25,25,2,6,64,1,3,1,73
99,24,106,70,2,8,30,1,1,3,37
109,102,20,27,3,9,1,3,4,4,75
33,94,13,1,2,11,37,3,4,4,36
61,59,95,18,5,10,18,3,2,4,66
88,13,50,75,2,17,26,6,1,6,39
78,75,17,59,4,18,89,5,3,1,71
75,74,25,25,2,5,33,1,4,1,9
74,74,24,24,1,3,32,1,1,5,39
88,13,48,28,1,10,90,3,3,6,35
32,10,73,12,3,20,21,6,1,2,23
101,34,61,3,4,22,68,1,2,1,11
88,13,21,21,5,2,34,6,4,3,42
81,93,14,71,1,2,7,1,4,4,34
92,73,103,59,3,20,21,6,4,3,8
84,78,18,30,1,12,89,2,3,3,81
97,95,30,77,1,8,12,3,2,4,15
10,40,103,74,1,5,1,4,4,4,18
6,103,89,12,1,24,48,2,1,2,58
39,32,78,60,2,22,41,6,1,3,81
107,33,22,22,2,8,63,1,4,4,1
110,8,107,34,5,23,2,1,2,1,11
97,95,84,42,4,13,17,2,3,2,19
66,16,89,12,3,23,52,3,2,3,82
92,66,73,66,3,16,41,6,1,6,3
33,94,66,20,4,13,17,4,4,1,29
68,90,51,45,3,7,16,3,1,4,83
47,15,109,77,4,9,6,1,1,5,37
30,8,85,78,4,10,63,4,3,5,29
81,41,93,66,3,20,21,6,4,3,45
49,20,27,19,1,21,39,1,1,1,51
85,77,78,60,5,10,91,4,4,5,36
30,8,34,50,5,1,86,6,2,5,23
36,37,98,2,4,12,52,3,1,6,2
75,100,54,46,4,2,32,6,1,2,70
80,60,58,20,3,18,6,3,2,2,18
111,81,110,4,1,23,79,6,2,4,52
80,1,20,3,2,23,62,5,1,3,41
16,64,76,78,2,14,92,3,4,2,78
55,63,110,78,2,19,24,1,1,1,3
39,35,71,1,5,8,38,5,3,4,71
87,53,89,55,3,10,64,1,3,1,32
14,72,87,30,1,24,48,5,1,5,7
94,30,111,51,3,14,34,5,3,2,71
112,21,89,12,5,15,40,4,1,3,67
110,104,86,38,4,6,93,4,4,1,74
107,34,112,45,5,3,23,4,4,4,49
50,75,95,38,4,16,79,2,4,5,45
47,49,17,59,2,12,16,2,3,2,29
71,9,35,30,5,21,45,6,4,6,47
99,92,100,75,3,4,2,6,3,2,31
65,55,32,71,2,5,33,2,1,5,58
63,20,48,42,2,12,16,6,4,5,81
75,23,15,15,3,21,11,1,4,3,35
75,79,3,57,1,9,14,6,3,6,39
29,63,59,74,1,13,35,4,4,1,22
16,11,99,18,3,10,64,6,2,1,50
37,38,47,31,5,3,55,1,1,3,21
95,58,49,43,1,8,12,1,1,2,25
91,76,113,79,4,7,60,4,1,4,27
36,37,87,63,3,6,94,2,3,4,32
38,32,59,13,5,22,40,5,2,1,33
57,30,88,65,4,5,71,1,1,6,13
101,67,60,24,1,1,68,3,2,3,18
19,105,114,47,3,19,16,1,2,6,52
102,16,76,78,5,8,38,6,4,1,68
8,8,36,66,5,5,65,5,3,3,28
110,8,112,18,3,3,3,5,1,1,20
54,53,62,53,5,7,40,3,1,5,55
4,8,39,32,1,20,53,6,3,4,29
80,1,39,27,4,5,85,5,1,3,79
49,20,113,80,3,9,1,3,3,6,12
72,53,84,62,2,22,41,6,2,1,18
17,27,19,19,5,17,25,3,1,5,43
105,6,57,4,1,8,12,6,1,3,6
113,61,23,46,2,7,72,1,1,5,8
32,10,115,69,1,4,95,5,1,2,23
4,56,57,23,5,24,45,6,4,2,8
41,43,93,23,1,5,89,5,1,3,8
1,80,73,24,1,8,12,6,2,6,35
47,26,103,76,1,13,65,5,2,4,23
89,87,67,56,4,6,13,5,3,2,16
64,10,101,41,2,18,30,6,3,2,77
88,28,55,42,4,11,81,4,2,2,41
28,10,110,27,3,18,6,6,2,1,15
48,53,71,1,3,5,5,6,3,2,69
58,12,107,23,1,21,39,1,2,1,23
69,12,74,50,4,21,36,2,4,1,38
35,64,74,34,2,5,33,1,3,3,84
114,20,46,42,2,21,16,1,4,4,26
68,12,41,38,4,13,96,2,1,2,48
34,1,103,74,3,15,23,3,2,3,22
8,8,52,36,3,7,54,3,4,2,78
85,72,78,32,1,11,17,3,4,6,85
69,37,17,59,1,17,24,2,2,6,59
90,47,84,62,4,22,68,6,3,6,60
102,62,20,7,3,8,63,3,3,3,22
67,86,76,78,5,1,86,5,2,3,32
96,10,49,80,5,11,12,3,4,3,64
36,37,23,33,5,13,8,6,4,6,6
25,60,1,29,2,1,22,2,1,5,84
7,7,116,34,1,10,90,6,2,4,16
51,93,19,63,1,2,97,5,3,2,27
27,79,21,21,1,22,40,2,1,5,58
28,47,75,81,5,3,23,2,1,1,31
70,68,114,21,3,6,94,4,2,5,33
59,59,94,69,5,18,11,1,1,1,45
104,4,94,69,4,19,58,5,4,3,45
96,13,36,71,2,13,25,6,4,6,42
93,43,72,49,2,21,98,5,2,2,33
73,71,15,15,4,22,39,3,1,1,72
1,58,100,59,3,21,56,6,4,4,21
48,53,11,11,3,11,26,6,4,1,20
43,4,15,69,5,1,86,6,1,1,31
16,85,116,34,2,9,49,5,2,4,23
55,63,14,8,1,11,62,1,2,4,30
61,59,52,64,2,2,47,4,1,6,20
33,84,58,22,2,1,22,1,1,1,19
26,26,104,52,3,1,9,4,4,3,4
113,8,54,28,3,21,73,1,3,6,35
16,25,10,40,2,6,64,4,3,5,36
97,95,64,36,5,12,83,6,4,2,72
105,9,40,39,5,1,86,5,4,4,28
56,9,77,45,4,5,55,6,2,5,31
86,59,101,4,3,5,5,4,3,1,2
36,97,108,32,3,10,64,6,2,1,53
53,21,94,4,1,22,40,4,4,1,53
51,69,86,38,2,16,5,3,2,4,52
2,104,37,13,4,9,6,4,1,1,76
31,32,86,2,3,3,3,4,1,2,35
6,31,39,27,1,10,70,1,2,5,8
18,69,3,4,5,3,87,3,2,6,47
75,12,15,15,2,23,62,1,1,4,67
59,58,75,32,2,7,10,2,1,1,17
97,95,78,60,1,15,87,6,3,1,42
115,106,117,21,1,8,12,1,1,3,37
84,60,84,5,5,12,83,4,3,1,21
88,13,50,47,1,4,4,4,2,1,56
52,10,9,9,1,24,48,5,3,4,21
100,91,113,80,4,18,42,1,3,1,3
5,5,35,16,5,14,8,4,3,3,82
37,38,89,12,2,2,47,1,1,1,72
8,8,7,49,3,18,6,3,3,1,81
79,77,17,22,4,16,79,5,2,3,49
83,20,32,31,2,4,21,2,4,4,24
41,43,86,38,3,6,64,6,1,2,56
21,54,19,53,2,2,47,3,4,1,32
76,27,57,42,5,2,34,4,4,4,74
87,53,17,59,3,24,17,4,2,6,41
53,21,1,28,3,12,65,4,1,2,65
2,104,89,34,5,14,8,6,1,1,86
112,21,60,17,4,11,81,5,4,4,26
14,72,69,54,2,16,62,2,2,4,60
12,53,30,29,5,12,83,5,3,2,28
2,104,56,7,5,8,38,4,4,5,43
92,41,47,13,1,17,24,2,1,6,65
6,59,75,49,3,21,56,3,3,2,73
7,7,95,57,3,10,64,3,4,1,20
34,13,70,49,2,10,59,2,4,3,62
104,56,76,78,4,21,36,1,4,3,56
4,22,39,63,1,2,7,3,3,4,12
10,40,84,33,4,11,81,6,3,5,69
4,87,42,76,3,20,21,6,1,2,69
38,73,12,70,4,10,42,6,1,3,77
48,53,22,46,1,14,34,3,1,2,68
105,51,47,15,3,3,3,1,3,3,70
58,12,21,21,4,15,55,2,3,2,20
5,34,118,77,1,9,14,4,2,3,21
5,99,10,10,2,3,79,2,2,6,59
70,68,2,14,5,6,28,3,2,3,50
52,10,85,48,4,24,18,1,1,4,26
116,99,111,65,1,13,59,3,3,3,73
44,107,114,66,4,5,7,5,2,6,21
81,93,45,18,2,11,37,1,2,5,13
41,43,31,68,3,4,82,6,2,6,78
15,32,90,55,4,2,99,3,2,6,47
38,60,27,54,2,22,41,5,3,5,8
117,8,94,53,1,11,17,1,2,5,14
78,11,10,13,2,8,30,5,2,2,14
60,73,114,67,5,4,99,6,2,6,15
116,102,39,12,4,22,68,4,2,1,87
33,22,21,6,1,10,100,3,2,1,33
16,106,37,63,3,1,9,5,1,1,24
88,13,94,12,3,5,66,1,1,6,20
62,48,1,1,4,13,17,6,3,2,86
9,14,72,18,2,4,91,3,3,2,5
60,50,99,23,1,3,101,1,1,2,57
19,62,6,49,3,19,52,6,1,6,82
5,7,89,12,2,12,16,4,1,1,2
21,64,101,41,5,21,45,2,2,4,46
42,24,36,66,1,22,45,3,1,4,83
40,42,117,78,1,11,61,5,3,6,16
114,20,111,67,1,8,12,1,1,2,25
78,75,35,16,1,21,72,4,2,6,35
44,48,84,74,3,20,26,4,4,2,56
75,23,5,47,4,22,68,4,3,1,53
45,60,36,66,1,11,17,5,1,3,8
1,12,34,17,3,5,5,5,4,3,45
31,32,106,70,2,5,33,5,2,5,51
6,59,49,43,1,1,1,6,4,1,69
106,99,17,28,4,24,18,4,1,2,35
12,62,97,72,3,20,21,2,2,1,70
81,93,41,11,3,12,65,4,1,4,10
23,81,6,18,1,23,53,4,3,6,23
61,46,98,2,4,15,48,5,1,4,12
51,69,38,37,5,10,18,6,3,5,82
8,8,16,35,1,14,92,1,1,2,2
40,92,51,11,1,7,59,5,1,2,5
57,30,113,80,3,13,73,1,2,4,15
58,108,119,5,3,19,16,2,2,3,80
50,75,115,34,1,6,2,4,4,5,62
10,40,70,49,3,4,2,2,1,3,81
42,8,30,48,4,21,24,3,3,2,19
55,55,116,34,4,10,63,6,2,6,76
97,95,12,70,3,8,22,4,2,1,49
38,68,52,68,3,2,72,3,3,1,3
96,45,53,45,4,3,84,1,3,2,62
99,92,43,26,5,9,102,3,1,2,72
87,53,16,35,4,3,43,2,1,6,46
100,91,8,34,4,2,52,6,3,2,33
48,66,75,46,3,11,85,2,4,2,65
118,24,53,8,2,5,33,1,1,3,10
65,55,66,77,1,11,78,2,4,3,49
66,16,24,24,3,18,6,4,2,3,12
87,53,114,47,2,21,16,2,1,3,81
22,8,7,27,1,5,103,2,1,3,1
35,34,105,2,5,21,45,1,4,4,26
75,23,23,42,4,1,84,2,4,1,24
6,59,104,80,1,17,24,6,4,1,35
43,45,50,22,3,5,5,4,3,2,40
49,29,5,10,1,21,39,3,2,2,35
102,36,5,6,4,24,18,3,1,2,48
55,64,103,72,1,15,14,2,2,5,46
16,51,26,78,5,15,31,4,2,3,37
104,67,13,20,2,16,5,6,1,5,23
90,47,39,60,4,16,79,4,3,3,37
44,48,22,22,5,20,51,4,4,6,49
40,42,90,55,2,7,10,2,1,2,42
42,24,117,79,4,14,15,6,3,3,6
2,104,106,55,1,7,76,5,4,4,47
77,85,22,22,4,5,92,4,3,1,20
16,51,94,38,2,5,33,3,2,6,31
40,12,83,2,3,1,41,4,1,4,72
98,76,106,38,5,9,43,6,4,5,7
27,32,26,73,2,8,30,4,3,1,23
23,81,40,61,3,20,21,5,3,5,68
101,34,21,21,1,18,66,3,3,4,55
77,15,37,13,5,16,104,3,1,5,36
2,104,85,72,1,11,17,5,2,5,33
78,75,31,68,2,17,15,5,2,2,8
111,81,9,9,1,12,89,2,4,4,55
19,19,48,64,3,23,52,2,2,1,16
104,56,14,8,4,22,97,3,2,5,55
51,69,12,70,4,18,103,3,2,3,64
92,14,50,7,2,12,81,6,1,6,24
79,19,80,23,3,7,32,4,1,2,29
42,4,54,28,5,6,16,2,1,5,58
79,77,97,55,3,7,86,3,3,5,37
111,81,107,23,2,24,74,2,3,5,78
52,10,52,61,4,11,21,3,1,3,3
69,67,113,80,2,21,16,3,1,4,2
118,109,2,46,5,19,28,1,3,6,78
85,69,60,51,4,6,93,1,1,2,63
8,8,43,10,1,3,32,1,1,6,2
28,110,2,5,1,16,22,5,3,5,68
17,17,105,14,5,19,28,2,4,5,21
106,99,106,70,1,8,12,3,4,4,21
16,51,28,27,1,13,65,2,3,5,42
6,52,23,7,4,10,24,5,4,3,45
110,8,47,13,1,20,53,5,2,6,71
9,14,87,3,5,14,8,5,4,5,14
3,52,4,5,5,3,105,3,1,2,20
26,51,19,19,2,3,36,2,1,5,21
62,56,66,11,3,17,102,3,1,1,21
118,46,5,69,1,2,7,3,2,5,86
37,12,88,36,1,1,1,5,2,5,33
56,22,102,15,4,22,68,1,4,1,10
37,105,15,21,5,14,8,1,1,2,63
88,63,9,9,2,20,46,5,1,5,13
62,40,14,8,2,20,62,2,4,4,24
31,32,81,21,2,21,16,5,1,1,44
71,105,22,22,1,2,7,4,1,1,75
60,2,112,77,4,17,94,3,4,6,9
103,61,89,12,3,17,102,4,4,2,88
65,54,5,6,1,22,40,4,3,2,88
118,41,61,39,2,23,35,6,3,2,76
104,72,91,64,4,22,68,5,3,3,8
42,64,60,32,1,20,53,2,4,5,14
14,93,24,24,2,13,44,6,3,4,41
64,10,65,45,2,12,52,6,4,1,38
20,88,25,1,1,19,35,4,4,1,40
12,78,117,39,2,24,74,5,1,3,36
16,51,70,49,5,21,45,5,3,2,89
64,10,31,68,5,9,6,6,1,4,21
113,99,57,64,3,2,72,6,3,4,39
6,59,67,31,3,18,6,1,1,6,44
72,111,85,72,3,5,5,1,1,1,11
12,62,29,28,5,1,86,4,4,3,4
34,92,110,16,2,6,20,4,3,2,27
27,27,82,2,5,6,28,1,1,4,21
5,5,5,13,1,2,4,3,3,1,3
61,85,9,2,1,18,66,2,1,4,30
102,16,18,52,4,16,79,5,3,1,79
57,30,110,16,3,4,2,2,2,5,34
60,13,39,18,1,9,14,3,2,6,35
28,10,42,59,4,4,11,4,3,1,53
70,68,88,65,2,6,64,5,4,5,21
80,1,51,60,2,5,16,2,4,3,88
111,20,109,6,4,18,50,4,2,4,15
58,12,93,80,1,22,10,4,2,5,76
54,53,93,26,3,6,94,4,1,2,35
75,23,28,27,4,3,43,1,3,3,32
115,5,55,12,5,13,104,3,2,2,34
57,30,86,38,5,24,79,5,3,2,17
99,92,41,29,5,22,40,3,2,3,19
118,24,1,1,3,8,63,5,1,1,51
102,16,103,74,2,16,74,1,4,4,3
47,56,46,42,1,24,48,3,1,5,36
84,78,30,65,3,5,5,3,2,4,66
109,19,104,59,2,21,4,5,1,6,82
28,10,11,11,4,5,71,3,3,6,12
79,69,15,4,4,24,18,5,4,4,68
16,51,13,57,1,5,69,2,3,1,11
96,10,114,38,2,1,22,2,1,5,17
91,82,44,68,3,12,65,6,2,2,86
53,21,4,4,1,12,89,6,4,3,3
79,77,31,6,3,19,16,1,1,4,31
78,75,63,64,2,22,41,2,2,6,12
117,25,95,38,3,22,5,3,1,6,2
25,60,79,61,1,2,36,6,2,3,8
56,9,71,44,3,21,56,6,4,5,35
86,61,82,2,4,14,80,2,2,4,11
87,53,29,28,4,23,56,3,4,3,80
72,68,88,65,1,19,35,6,2,5,76
63,58,62,28,4,23,51,2,1,5,58
11,61,59,72,1,2,7,5,3,6,16
69,67,99,27,1,7,59,6,3,1,38
68,90,15,7,5,11,12,2,3,3,79
105,41,112,77,5,9,43,3,3,1,3
39,39,36,5,1,15,52,4,3,5,27
29,30,111,51,3,12,65,5,2,6,16
86,59,4,4,5,23,2,3,4,5,43
46,106,46,42,1,20,53,5,1,1,57
16,51,21,6,2,24,74,1,2,4,2
31,32,3,48,3,8,63,5,3,2,71
52,8,87,3,3,6,94,3,3,5,22
78,75,5,67,4,10,63,5,4,4,80
46,37,112,77,3,4,2,3,1,2,80
28,10,111,51,4,8,29,1,4,1,27
102,92,37,13,2,5,33,4,1,1,17
85,19,59,13,2,20,46,5,2,3,28
25,60,55,57,5,19,28,5,3,4,28
39,39,77,63,1,2,77,2,3,3,82
100,91,54,46,3,24,17,4,4,4,10
71,71,70,49,3,12,65,4,2,6,41
54,53,73,74,5,8,38,6,1,1,31
97,95,40,11,3,11,26,6,4,6,39
61,59,1,1,5,4,11,1,2,3,1
79,8,67,5,5,15,68,1,4,5,74
97,95,102,25,2,22,41,3,4,2,12
95,58,7,7,2,21,16,6,3,1,14
68,90,40,4,4,15,106,3,1,6,2
71,12,69,58,5,1,36,2,2,4,78
99,31,86,25,1,14,42,2,2,4,68
55,63,113,80,2,23,62,5,3,2,77
65,14,95,24,3,9,1,1,3,4,60
73,39,38,37,5,13,89,6,3,6,22
102,60,70,49,2,2,47,5,4,4,1
104,56,23,67,5,4,67,3,1,4,24
63,38,61,39,5,10,18,1,3,4,30
34,100,57,42,5,23,92,3,3,2,77
14,72,88,65,2,11,37,5,4,5,2
109,102,116,34,2,3,79,1,4,6,24
33,94,53,68,4,6,93,6,3,1,86
74,74,111,30,1,14,72,1,1,4,30
92,66,58,21,2,2,47,4,4,1,82
100,84,106,2,5,20,29,3,2,3,29
48,112,12,38,4,8,23,4,1,2,87
38,32,30,36,3,18,6,1,3,3,71
14,11,69,73,2,24,74,3,4,1,9
55,63,21,21,4,1,30,1,1,3,11
26,54,103,74,4,8,5,1,2,6,66
9,14,54,36,1,23,53,3,4,1,34
34,100,35,47,4,21,36,6,4,5,24
38,104,60,10,1,11,64,1,2,5,22
116,31,35,27,4,8,5,6,2,1,15
5,5,74,9,3,24,39,5,3,4,39
24,54,66,43,1,16,22,4,4,2,26
81,93,21,21,2,3,79,1,4,1,50
71,70,47,15,3,6,107,4,3,6,37
21,54,49,43,3,16,14,6,1,6,22
18,65,3,48,1,12,89,2,3,1,1
55,35,12,4,3,7,54,3,4,1,85
42,24,104,52,5,12,96,2,4,5,43
28,10,76,78,1,2,7,6,4,3,34
111,81,84,16,2,16,5,3,4,3,28
31,32,107,23,5,5,71,4,3,2,40
65,55,30,29,2,19,30,4,4,1,86
113,99,105,61,2,10,59,3,4,4,37
56,25,55,81,1,23,53,4,1,1,72
98,76,107,23,1,13,65,1,4,4,59
91,3,108,30,5,2,34,5,3,3,79
87,53,36,66,4,22,68,1,2,2,15
100,91,113,80,5,1,86,6,3,3,6
40,111,4,4,5,6,28,3,4,5,25
1,80,22,22,5,1,51,2,3,1,6
26,87,17,59,4,15,48,1,2,4,26
102,16,105,2,3,16,14,3,2,1,89
41,43,63,26,2,23,95,2,2,2,23
39,39,33,33,5,12,83,1,1,3,35
5,5,116,32,5,14,8,4,4,3,4
53,21,101,41,5,8,38,6,2,2,52
11,2,63,27,4,10,63,3,2,3,64
22,113,100,75,3,9,1,3,3,1,32
70,68,2,14,1,18,66,4,4,3,4
103,98,59,49,3,16,14,1,2,3,11
94,30,117,6,2,10,59,6,3,4,77
108,10,71,68,5,24,45,1,1,4,8
35,46,99,49,5,19,28,6,2,6,36
2,9,114,35,4,23,51,2,4,4,24
63,40,88,65,1,6,2,6,1,4,68
91,3,41,57,3,3,3,2,4,5,58
90,47,53,36,3,14,39,2,1,1,75
95,58,83,25,1,14,34,1,3,6,31
5,38,110,16,2,4,21,5,1,2,14
101,64,65,75,1,9,19,3,4,6,78
5,5,20,4,2,12,16,5,4,3,34
28,27,46,55,4,8,69,1,2,1,11
33,94,75,38,1,11,61,4,1,6,82
87,53,42,59,4,16,53,1,3,3,71
3,4,98,2,5,14,38,6,4,3,8
94,30,97,6,4,2,52,2,3,1,70
84,106,116,40,4,17,94,1,2,4,30
83,20,77,63,4,14,15,1,4,3,32
20,20,16,78,2,9,83,5,2,5,14
44,48,25,65,1,2,7,1,2,4,19
100,7,16,35,1,19,46,2,2,4,66
38,32,113,80,2,3,79,1,2,6,5
111,81,25,25,3,17,102,1,3,2,62
15,12,108,30,2,17,26,1,3,1,73
117,114,57,81,4,13,17,3,1,6,76
46,37,43,27,4,21,36,3,3,1,23
96,93,75,32,2,13,62,6,1,4,22
44,48,33,21,3,19,16,5,1,2,16
10,110,118,21,1,12,89,6,2,5,76
84,78,93,80,1,20,53,1,3,6,54
103,98,28,70,2,21,102,2,1,4,21
87,53,43,35,2,24,74,1,2,5,52
115,106,48,41,5,18,11,2,3,4,75
22,4,29,47,5,1,32,5,2,6,54
55,63,29,28,2,20,46,3,1,4,83
115,102,103,7,3,6,94,4,4,1,89
9,14,39,27,5,16,27,1,3,5,52
86,59,94,14,1,11,30,3,1,5,36
22,68,85,2,1,24,55,6,4,1,42
117,53,18,68,1,16,71,3,2,2,2
76,27,80,32,3,9,81,4,4,6,49
92,66,96,79,2,15,56,4,3,5,76
43,7,4,4,5,12,11,2,1,4,7
44,48,46,42,5,15,9,6,1,2,60
73,71,2,7,1,6,2,3,3,2,19
98,76,96,34,5,19,28,4,3,6,23
96,20,91,64,5,11,12,5,1,4,25
15,32,117,81,3,1,9,4,4,6,29
36,37,37,13,3,6,59,1,4,1,25
46,12,63,27,1,11,17,3,4,5,45
91,3,114,57,2,2,47,5,3,1,9
19,86,60,18,4,4,11,6,4,6,43
70,89,109,46,2,11,37,2,4,1,38
92,57,112,77,2,21,16,5,2,1,16
115,106,78,56,1,20,53,5,2,3,64
70,38,50,4,4,19,58,5,2,1,3
88,21,55,57,4,6,54,1,4,1,50
85,77,29,78,3,3,84,4,1,2,73
99,92,8,49,4,21,45,3,2,4,66
55,64,70,49,1,6,2,4,4,5,4
73,69,75,32,5,2,34,2,1,5,67
90,47,28,22,1,11,17,1,3,6,75
75,104,2,24,2,4,31,5,4,3,45
18,69,114,47,3,22,2,4,3,6,3
38,32,6,49,2,16,5,6,2,2,64
46,107,14,73,1,7,59,2,2,1,11
58,12,81,61,1,4,4,6,3,4,65
19,19,36,66,2,8,30,1,3,1,77
25,59,81,33,1,22,40,3,3,4,40
119,110,83,13,5,6,46,4,1,3,32
38,32,75,49,4,4,11,1,4,3,45
57,30,90,55,4,21,36,4,4,3,24
109,102,5,23,5,22,40,1,3,1,65
42,24,47,15,1,24,48,5,4,5,74
40,107,60,60,2,17,26,1,3,5,50
105,101,96,79,5,14,8,4,2,2,52
2,104,95,69,4,17,94,4,3,2,23
64,75,84,43,3,19,6,3,1,4,72
104,10,118,67,5,16,27,4,1,5,41
13,5,61,11,1,15,14,6,4,1,51
13,54,85,72,5,23,2,4,1,6,16
79,77,59,42,3,23,52,6,2,6,82
105,103,46,70,1,2,105,2,3,4,87
87,53,26,26,5,4,67,3,1,5,36
53,45,56,7,3,15,23,6,1,2,3
84,78,11,11,2,4,46,4,2,4,10
104,57,51,11,3,5,5,2,4,5,37
17,36,90,55,5,21,59,3,2,1,54
92,69,95,8,5,17,25,1,4,4,54
17,17,115,34,3,17,102,4,4,6,19
84,78,72,13,4,23,51,5,2,4,33
105,113,21,12,1,8,12,2,4,5,37
5,5,110,16,4,15,48,5,3,3,79
16,88,88,16,3,12,65,3,3,2,20
34,100,16,17,2,23,62,3,4,1,32
81,93,58,75,2,24,74,5,1,2,39
41,43,63,27,5,24,72,5,4,4,36
51,69,117,78,1,16,22,4,1,4,32
74,74,53,45,3,3,3,4,1,4,71
22,8,68,47,2,13,25,4,2,2,40
96,10,92,67,1,14,58,2,3,4,48
7,7,119,80,4,3,43,3,3,2,73
34,100,88,65,2,23,62,5,3,6,63
16,111,97,61,2,6,64,5,4,3,32
114,20,24,24,2,5,33,2,2,6,65
106,34,112,77,3,24,17,2,2,2,12
117,37,31,68,5,22,40,3,3,1,13
65,54,110,27,3,10,103,4,3,3,83
85,77,18,29,2,8,30,5,3,1,33
62,48,101,41,4,11,81,4,4,3,40
27,70,56,51,1,7,59,3,2,3,64
112,21,80,61,5,16,27,6,2,4,80
96,115,20,60,2,15,19,3,2,4,47
114,20,39,27,1,1,1,3,2,6,75
108,48,29,26,2,2,47,2,1,3,17
119,31,95,72,4,2,108,4,1,3,23
103,12,17,59,4,17,94,6,3,2,77
95,58,19,19,5,5,27,3,3,5,36
113,99,35,16,1,13,65,1,1,3,86
76,27,50,4,3,3,47,2,3,3,84
8,8,34,46,1,13,65,5,2,2,14
83,20,29,28,5,11,12,3,3,5,53
64,52,84,62,1,8,12,5,4,1,37
47,49,94,69,3,23,75,2,2,3,80
7,7,75,32,3,19,97,5,2,2,16
7,97,19,23,4,1,30,2,4,5,36
17,17,78,42,2,20,46,4,2,3,53
108,10,3,7,4,3,43,3,3,3,36
39,39,89,66,2,15,90,2,3,1,20
108,62,26,1,4,10,63,3,3,2,19
22,8,68,5,1,16,22,6,4,5,34
25,56,55,57,2,8,30,2,4,5,88
79,24,73,63,4,18,36,3,2,5,19
114,20,114,20,3,20,21,1,4,5,13
108,24,91,64,2,1,22,3,2,3,83
48,53,44,17,1,12,89,3,2,6,47
24,24,109,78,2,24,74,3,1,1,89
81,60,52,24,3,21,9,6,2,1,76
56,101,120,5,1,9,20,6,3,1,86
98,76,67,56,1,11,90,3,2,1,47
42,24,70,49,2,10,82,2,3,5,52
16,50,94,12,4,4,11,3,4,6,85
87,53,94,44,5,11,12,6,3,6,54
28,64,56,13,5,22,40,4,1,3,4
99,92,92,67,2,2,47,2,2,5,41
65,55,73,36,5,20,29,4,3,3,87
37,108,80,66,5,21,45,5,1,1,56
100,91,108,16,1,1,1,2,3,3,4
35,34,86,45,4,10,63,2,1,4,21
7,7,46,46,2,6,83,6,4,2,64
14,110,8,10,4,5,71,4,1,4,77
89,6,3,48,1,15,14,5,2,5,31
72,68,34,26,4,7,60,2,4,5,7
22,4,84,62,5,13,8,2,4,1,24
39,39,52,13,1,6,2,2,1,6,9
85,77,11,11,4,24,18,1,3,2,61
15,79,24,24,1,24,48,5,1,3,8
34,100,103,14,4,8,5,6,1,6,42
111,81,120,5,5,5,27,2,2,6,4
2,104,36,13,1,21,39,5,1,1,60
118,31,85,67,4,11,81,6,1,3,47
103,71,18,30,1,23,53,1,1,3,51
80,1,107,23,5,24,74,6,1,6,30
10,40,42,59,1,20,32,4,1,2,67
45,64,45,2,4,13,17,4,3,2,12
31,32,112,29,2,19,30,1,1,6,13
40,42,22,37,3,22,5,5,4,1,9
34,100,109,57,4,18,42,4,1,1,56
41,43,112,35,5,10,18,3,1,2,42
21,9,78,14,1,16,65,2,2,6,72
32,10,88,65,2,5,33,2,1,2,29
59,58,49,21,1,6,109,6,1,6,22
30,8,108,30,2,6,64,1,4,1,40
20,20,118,73,4,21,36,2,4,6,85
32,116,29,52,1,21,39,6,2,5,52
22,28,95,55,4,7,60,3,4,4,14
29,30,10,28,5,12,83,6,1,1,81
22,8,23,58,3,19,16,3,1,5,36
44,27,3,48,1,23,110,3,1,3,8
59,58,35,16,5,17,40,6,2,3,6
102,16,85,43,5,18,11,4,2,1,88
38,32,10,10,1,13,65,6,3,3,77
87,53,25,25,4,8,5,1,2,2,61
79,77,117,78,1,11,17,3,4,3,34
16,106,26,77,2,19,30,4,3,2,77
30,8,43,78,4,16,30,2,2,5,53
110,64,107,23,1,1,1,1,4,3,53
108,102,25,25,4,15,48,5,1,6,16
114,20,109,71,4,17,94,5,2,1,75
19,19,120,53,1,4,4,2,1,6,13
102,7,6,29,5,11,12,4,1,6,82
71,70,69,19,4,17,94,4,1,4,77
26,98,23,56,4,16,79,6,4,3,76
91,3,118,73,1,12,5,3,4,3,76
53,97,101,41,4,15,33,4,3,6,82
114,20,75,32,3,15,23,6,3,2,77
110,8,97,6,1,13,65,3,4,6,54
58,12,115,31,2,23,62,1,3,4,34
70,97,70,68,5,11,12,1,4,4,60
10,86,52,13,1,18,66,4,4,2,16
61,59,105,45,5,20,29,1,1,2,35
42,24,39,27,4,21,36,5,4,2,44
54,53,93,80,2,14,33,3,2,2,10
36,37,70,29,1,7,59,5,2,1,33
37,63,59,73,2,13,25,1,1,5,40
116,86,57,41,5,22,40,3,4,6,33
67,63,81,21,1,5,15,5,4,1,33
72,68,19,34,3,15,23,1,2,5,10
50,75,37,5,5,22,86,5,1,3,79
102,107,110,16,2,13,25,6,4,4,5
106,99,10,10,1,6,2,6,3,5,73
61,72,5,6,4,20,45,3,4,4,34
11,75,23,33,5,14,8,2,4,4,49
29,30,26,60,3,23,52,2,2,5,37
33,16,72,49,4,7,15,6,4,1,53
89,87,114,47,1,22,40,3,2,2,36
54,53,107,23,4,14,15,4,4,6,49
75,23,45,40,2,14,68,5,2,6,30
20,20,3,48,4,5,71,3,3,3,36
64,10,116,34,2,6,64,1,1,6,13
61,81,24,24,4,16,79,5,3,1,54
104,109,73,81,4,19,58,4,3,1,75
112,21,44,69,2,7,10,3,2,2,18
65,97,2,14,4,10,63,6,2,3,29
26,41,55,57,5,3,23,1,4,2,5
115,106,2,4,4,11,36,6,1,5,22
100,91,23,43,4,7,60,6,3,3,47
103,98,30,29,5,17,25,5,1,1,31
47,49,17,62,5,12,83,4,4,6,49
88,13,82,15,1,13,81,5,3,3,30
29,30,45,40,4,9,6,1,1,4,30
60,2,93,80,2,15,19,3,3,1,72
5,111,5,6,5,11,12,6,1,4,42
52,56,18,4,1,10,90,2,1,1,14
40,75,45,49,4,19,58,5,1,1,11
26,26,114,47,2,13,25,1,3,6,17
12,14,27,71,2,11,37,5,3,5,36
36,37,29,28,2,19,30,3,3,1,3
111,97,19,19,4,14,24,5,2,4,69
118,103,11,48,5,15,24,6,2,4,32
5,53,85,39,5,8,111,3,3,2,8
118,18,50,4,5,7,31,1,3,3,25
54,53,39,80,1,1,38,5,3,3,8
31,32,21,21,2,12,65,5,4,6,16
63,47,3,48,3,17,102,1,2,1,87
107,33,69,58,3,6,94,5,4,4,21
73,47,78,60,1,6,29,5,4,6,12
53,21,2,14,5,13,8,1,2,5,69
96,10,118,50,4,19,38,3,2,5,17
1,80,39,33,5,7,39,6,3,3,88
55,63,4,4,5,17,25,6,1,6,82
96,10,16,35,3,21,56,4,4,2,26
82,47,22,22,3,14,39,1,3,1,8
93,111,103,24,2,2,47,3,3,3,71
113,99,65,45,4,13,17,3,2,2,77
2,104,66,20,5,7,102,4,4,3,62
87,53,44,36,4,4,11,1,2,1,11
29,96,119,75,2,3,79,4,2,2,12
51,69,12,70,1,6,2,3,4,1,40
52,10,78,60,2,12,60,2,4,5,43
90,47,36,66,4,13,17,6,3,5,69
99,92,28,27,4,19,58,1,3,2,27
71,27,110,16,3,4,2,1,1,4,51
95,107,70,49,3,3,3,3,2,3,10
34,100,67,56,2,7,10,3,2,5,55
10,69,42,45,5,20,29,4,2,4,15
9,14,52,4,2,7,10,2,2,6,35
60,2,18,27,1,10,90,3,3,3,36
58,12,90,47,4,8,5,4,3,2,40
34,54,9,9,3,20,58,1,1,6,2
16,82,64,36,3,7,54,5,1,1,82
104,56,4,67,3,14,39,3,4,5,43
21,37,51,62,4,8,61,1,3,4,42
57,39,32,4,1,9,25,2,2,1,70
111,81,50,4,3,10,64,5,4,3,32
87,53,81,2,2,14,33,2,4,4,24
94,14,29,37,5,8,38,3,2,3,64
74,110,36,66,1,10,90,5,3,2,32
78,75,71,44,3,22,5,1,1,2,73
9,14,109,77,3,4,2,6,2,1,2
98,76,27,80,5,12,83,5,1,6,44
15,42,116,75,4,16,86,3,1,5,36
71,70,81,21,3,10,64,6,2,3,36
56,9,41,47,1,7,60,4,3,6,75
51,69,108,30,2,22,27,3,1,6,47
49,20,90,55,3,4,2,3,2,3,52
88,13,93,80,5,9,43,1,4,4,26
83,55,23,77,5,13,8,5,3,6,27
87,111,40,61,4,23,51,2,1,5,58
73,71,83,76,3,23,52,3,3,1,68
24,24,75,32,1,19,35,6,2,3,15
116,86,46,42,3,19,16,5,4,4,8
36,37,8,34,5,6,28,5,3,2,65
82,47,59,13,5,3,23,4,2,2,2
52,10,53,45,2,3,79,1,2,6,48
32,10,15,15,5,3,23,3,2,6,47
81,110,81,21,1,11,17,2,3,3,35
23,81,67,78,5,20,29,1,1,5,52
3,3,98,2,2,3,79,2,4,5,22
70,68,83,76,5,21,45,1,3,5,1
