1,1,1,1,1,1,1,1,1,1,1,1,1,1,1,1,1,1,1
1,1,1,1,1,1,1,1,1,1,1,1,1,1,2,2,1,1,2
1,1,1,1,1,1,1,1,1,1,1,1,1,1,3,3,1,1,3
1,1,1,1,1,2,1,1,1,1,1,1,1,1,4,4,1,1,4
1,1,1,1,1,1,1,1,1,1,1,1,1,1,5,5,1,1,5
1,1,1,1,1,1,1,1,1,1,1,1,1,1,6,6,1,1,6
1,1,1,1,1,1,1,1,1,1,1,1,1,1,7,7,1,1,7
1,1,1,1,1,3,1,1,1,1,1,1,1,1,8,8,1,1,8
2,2,2,1,1,4,1,2,1,2,1,2,1,2,9,9,2,2,9
2,2,2,1,1,4,1,2,1,2,1,2,1,2,10,10,3,3,10
2,2,2,1,1,5,1,2,1,2,1,2,1,2,11,11,4,4,11
2,2,2,1,1,4,1,2,1,2,1,2,1,2,12,12,5,4,12
2,2,2,1,1,4,1,2,1,2,1,2,1,2,13,13,6,5,13
3,2,2,1,1,4,1,2,1,2,1,2,1,2,14,14,1,6,14
2,2,2,1,1,4,1,2,1,2,1,2,1,2,15,15,1,6,15
2,2,2,1,1,4,1,2,1,2,1,2,1,3,16,16,7,7,16
2,2,2,1,1,4,1,2,1,2,2,2,1,3,17,17,8,8,17
2,2,2,1,1,4,1,2,1,2,1,2,1,3,18,18,3,9,18
2,2,2,1,1,4,1,2,1,2,1,2,1,3,19,19,5,10,19
4,3,3,1,1,6,1,3,2,3,1,2,1,2,9,9,9,11,9
4,3,3,1,1,6,1,3,2,3,1,2,1,2,10,10,8,12,10
4,3,3,1,1,6,1,3,2,3,1,2,1,4,11,11,10,13,11
4,3,3,1,1,6,1,3,2,3,1,3,1,5,12,12,5,14,12
4,3,3,1,1,6,1,3,2,3,1,2,1,2,13,13,8,15,13
4,3,3,1,1,6,1,3,2,4,1,2,2,2,14,14,1,6,14
4,3,3,1,1,6,1,3,2,3,1,2,1,2,15,15,11,16,15
4,4,3,1,1,6,1,3,2,3,1,2,1,3,16,16,12,17,16
4,3,3,1,1,6,1,3,2,3,1,4,1,3,17,17,8,18,17
4,3,3,1,1,6,1,3,2,3,1,2,1,3,18,18,13,19,18
4,3,3,1,1,6,1,3,2,3,1,2,1,3,19,19,5,20,19
4,3,3,1,1,6,1,3,2,3,1,2,1,6,20,20,14,21,20
4,3,3,1,1,6,1,3,2,3,1,5,1,6,21,21,15,22,21
4,3,3,1,1,6,1,3,2,3,1,2,1,6,22,22,8,23,22
4,3,3,1,1,6,1,3,2,3,1,2,1,6,23,23,3,24,23
4,3,3,1,1,6,1,3,2,3,1,2,1,6,24,24,7,25,24
4,3,3,1,1,6,1,3,2,3,1,2,1,6,25,25,16,26,25
4,3,3,1,1,6,1,3,2,5,1,2,1,1,1,26,11,27,1
4,3,3,1,1,6,1,3,2,3,1,2,1,1,2,2,17,28,2
4,3,3,1,1,6,1,3,2,3,1,2,1,1,3,3,9,29,3
4,3,3,1,1,6,1,3,2,3,3,2,1,1,4,4,18,30,4
4,3,3,1,1,6,1,3,2,3,1,2,1,1,5,5,10,31,5
4,3,3,1,1,6,1,3,2,3,1,2,1,1,6,6,19,32,6
4,3,3,1,1,6,2,3,2,3,1,6,1,1,7,7,6,33,7
4,3,3,1,1,6,1,3,2,3,1,2,3,1,8,8,20,34,8
5,5,4,1,1,7,1,4,3,6,1,2,1,2,9,9,7,35,9
6,5,4,1,1,7,1,5,3,6,1,2,1,2,10,10,21,36,10
5,5,4,1,1,7,2,5,3,6,1,2,1,2,11,11,5,37,11
5,5,4,1,1,7,1,5,3,6,1,2,1,2,12,12,1,6,12
5,5,4,1,1,7,1,5,3,6,1,2,1,2,13,13,5,36,13
5,5,4,1,1,7,1,5,3,6,1,2,1,2,14,14,1,6,14
5,5,4,1,1,7,2,5,3,6,1,2,1,2,15,15,1,6,15
5,5,4,1,1,7,1,5,3,6,1,2,2,3,16,16,12,20,16
5,5,4,1,1,7,1,5,3,6,1,2,1,3,17,17,8,26,17
5,5,4,1,1,7,1,5,3,6,1,2,1,3,18,18,19,38,18
5,5,4,1,1,7,1,5,3,6,1,2,1,3,19,19,17,39,19
5,5,4,1,1,7,1,5,3,6,1,2,1,6,20,20,2,40,20
5,5,4,1,1,8,1,5,3,6,1,2,1,6,21,21,2,41,26
5,5,5,1,1,7,1,5,3,7,1,2,1,6,22,22,2,42,22
5,5,4,1,1,7,1,5,3,6,1,2,1,6,23,23,10,43,23
5,5,4,1,1,7,1,5,3,6,1,2,1,6,24,24,3,44,24
5,5,4,1,1,7,1,5,3,7,1,2,1,6,25,25,22,45,25
5,5,4,1,1,7,1,5,3,6,1,2,1,1,1,26,23,5,1
5,5,4,1,1,7,1,5,3,6,1,2,1,1,2,2,10,46,2
5,5,4,1,1,7,1,6,3,6,1,2,1,1,3,3,14,47,3
5,5,4,1,1,7,1,5,3,6,1,2,1,1,4,4,24,48,4
5,5,4,1,1,7,1,5,3,8,1,2,1,1,5,5,1,6,5
5,5,4,1,1,7,1,5,3,6,1,2,1,1,6,6,5,49,6
5,5,4,1,1,7,1,5,4,6,1,2,1,1,7,7,12,50,7
5,5,4,1,1,7,1,5,3,6,1,2,1,1,8,8,25,50,8
7,6,6,1,1,9,1,7,5,9,1,7,1,2,9,9,2,51,27
7,6,6,1,1,9,1,8,5,9,1,7,1,2,10,10,10,52,10
7,6,6,1,1,9,1,7,5,9,1,7,1,2,11,11,14,53,11
7,6,6,1,1,9,1,7,6,9,1,7,1,2,12,12,5,54,12
7,6,6,1,1,9,1,7,5,9,1,7,1,5,13,13,10,55,13
7,6,6,1,1,9,1,7,5,9,1,7,1,2,14,14,1,6,14
7,6,6,1,1,9,1,7,5,9,1,7,1,2,15,15,9,56,15
7,6,6,1,1,9,1,7,5,9,1,7,1,3,16,16,26,57,16
7,6,6,1,1,9,1,7,7,9,1,7,1,3,17,17,2,58,17
7,6,6,1,1,9,1,7,5,9,1,7,1,3,18,18,27,59,18
7,6,6,1,1,10,1,7,5,9,1,7,1,3,19,19,5,60,19
7,6,6,1,1,9,1,7,5,9,1,7,1,6,20,20,19,61,20
8,6,6,1,1,9,1,7,5,9,1,7,1,6,21,21,24,62,21
7,6,6,1,1,9,1,7,5,9,1,7,1,6,22,22,5,63,22
7,6,6,1,1,9,2,7,5,9,1,7,1,6,23,23,10,64,23
7,6,6,1,1,9,1,7,5,9,1,7,1,6,24,24,13,65,24
7,6,6,1,1,9,1,7,5,9,1,7,1,6,25,25,18,66,25
7,6,6,1,1,9,1,7,5,9,1,7,1,1,1,26,10,23,1
7,6,6,1,1,9,1,7,5,9,1,7,1,1,2,2,8,67,2
7,6,6,1,1,11,1,7,5,9,1,7,1,1,3,3,8,68,3
7,6,6,1,1,9,1,7,5,9,1,7,1,1,4,4,17,69,4
7,6,6,1,1,9,1,7,5,9,1,7,1,1,5,5,15,70,5
7,6,6,1,1,9,1,7,5,9,1,7,1,1,6,6,5,71,6
7,6,6,1,1,9,1,7,5,9,1,7,1,1,7,7,24,72,7
7,6,6,1,1,12,1,8,5,9,1,7,1,1,8,8,3,72,8
9,7,7,1,1,13,1,9,8,10,1,1,4,2,9,27,21,36,9
9,7,8,1,1,13,1,9,8,10,1,1,4,2,10,10,28,37,10
9,7,8,1,1,13,1,9,8,10,1,1,4,2,11,11,1,6,11
9,7,8,1,1,13,1,9,8,10,1,1,4,2,26,12,1,6,12
9,7,8,1,1,13,2,9,8,10,4,1,4,2,13,13,5,37,13
9,7,8,1,1,13,1,9,8,10,1,1,4,2,14,14,1,6,14
9,7,8,1,1,13,1,9,8,10,1,1,4,2,15,15,1,6,15
9,7,8,1,1,13,1,9,8,11,1,1,4,3,27,16,9,73,16
9,7,8,1,1,13,1,9,8,10,1,1,4,3,17,17,29,50,17
9,7,8,1,1,13,1,9,8,10,1,1,4,3,18,18,30,5,18
9,7,8,1,1,13,1,9,8,10,1,1,4,3,19,19,5,74,19
9,7,8,1,1,13,1,9,8,10,1,1,4,6,20,20,29,66,20
9,7,9,1,1,13,1,9,8,10,1,1,4,6,21,21,12,75,21
9,7,8,1,1,13,1,9,8,10,1,1,4,6,22,22,5,76,22
9,7,8,1,1,13,1,9,8,10,1,1,4,6,28,23,24,77,23
9,7,8,1,1,13,1,9,8,10,1,1,4,6,24,24,18,78,24
9,7,8,1,1,13,1,9,8,10,1,1,4,6,25,25,19,79,25
9,7,8,1,1,13,1,9,8,10,1,1,4,1,1,28,13,80,1
9,7,8,1,1,13,1,9,8,10,1,1,4,1,2,2,18,81,2
9,7,8,1,1,13,1,9,8,10,1,8,4,1,3,3,13,81,3
9,7,8,1,1,13,1,9,8,10,1,1,4,1,4,4,14,82,4
9,7,8,1,1,13,1,9,8,10,1,1,4,1,5,5,1,83,5
9,7,8,1,1,13,1,9,8,10,1,1,4,1,6,6,5,84,6
9,7,8,1,1,13,1,9,8,10,1,1,4,1,7,7,29,85,7
9,7,8,1,1,13,1,9,8,10,1,1,4,1,8,8,18,50,8
10,8,10,1,1,14,3,10,9,12,1,9,1,2,9,29,31,86,9
10,8,10,1,1,14,1,10,9,12,1,9,1,2,29,10,32,86,10
10,8,10,1,1,14,1,10,9,12,1,9,1,2,11,11,1,6,11
10,8,10,1,1,14,1,10,9,12,1,9,1,2,12,12,1,6,12
10,8,10,1,1,14,1,10,9,12,1,9,1,2,13,13,31,86,13
10,8,10,1,1,14,1,10,9,12,1,9,1,2,14,14,1,6,14
10,8,10,1,1,14,1,10,9,12,1,9,1,2,15,15,1,6,15
10,8,10,1,1,14,1,10,9,12,1,9,1,3,16,16,33,87,16
10,8,10,1,1,14,1,10,9,12,1,9,1,7,17,17,11,88,17
10,8,10,1,1,14,1,10,9,12,1,9,1,3,18,18,4,74,18
10,8,10,1,1,14,1,10,9,12,1,9,1,3,19,19,31,36,19
10,8,10,1,1,14,1,10,9,12,1,9,1,6,20,20,34,89,20
10,9,10,1,1,14,1,10,9,12,1,9,1,6,21,21,14,90,21
10,8,10,1,1,14,1,10,9,12,1,9,1,6,22,22,35,91,22
10,8,10,1,1,14,1,10,9,12,1,9,1,6,23,23,24,92,23
10,8,10,1,1,14,1,10,9,12,1,9,1,6,24,24,36,93,24
10,8,10,1,1,14,1,10,9,12,1,9,1,6,25,25,37,90,25
10,8,10,1,1,14,1,10,10,12,1,9,1,1,1,26,5,86,1
10,8,10,1,1,14,1,11,9,12,1,9,1,1,2,2,5,37,2
10,8,10,1,1,14,1,10,9,12,1,9,1,1,3,3,5,37,3
10,8,10,1,1,14,1,12,9,12,1,9,1,1,4,4,5,37,4
10,8,10,1,1,14,3,10,9,12,1,9,1,1,5,5,1,6,5
10,8,10,1,1,14,1,10,9,12,1,9,1,1,6,6,5,4,6
10,8,10,1,1,14,1,10,9,12,1,9,1,1,7,7,5,4,7
10,8,10,1,1,14,1,10,9,12,1,9,1,1,8,8,5,4,8
11,10,11,1,1,15,1,13,11,13,1,10,1,2,9,9,5,94,9
11,10,11,1,1,15,1,13,11,13,1,10,1,2,10,30,5,86,10
11,10,11,1,1,15,1,13,11,13,1,10,1,2,11,11,5,86,11
11,10,11,1,1,15,1,13,11,13,1,10,1,2,12,12,5,37,12
11,10,11,1,1,15,1,13,11,13,1,10,1,2,13,13,5,95,13
11,10,11,1,1,15,1,14,11,13,1,10,1,2,14,14,1,6,14
11,10,11,1,1,15,1,13,11,13,1,10,1,2,15,15,1,6,15
11,10,11,1,1,15,1,13,11,13,1,10,1,3,16,16,2,96,16
11,10,11,1,1,15,1,13,11,13,1,10,1,3,17,17,9,97,17
11,10,11,1,1,15,1,13,11,13,1,10,1,3,18,18,5,98,18
11,10,11,1,1,15,1,13,11,13,1,10,1,3,19,19,5,99,19
11,10,11,1,1,15,1,13,11,13,1,10,1,6,20,20,9,100,20
11,10,11,1,1,15,1,13,11,13,1,10,1,6,21,21,5,101,21
11,10,11,1,1,15,1,14,11,13,1,11,2,6,22,22,5,102,22
11,10,11,1,1,15,1,13,11,13,1,10,1,6,23,23,38,103,23
11,10,11,1,1,15,1,13,11,13,1,12,1,6,24,24,5,104,24
11,10,11,1,1,15,1,13,11,13,1,10,1,6,25,25,2,101,25
11,10,12,1,1,15,1,13,11,13,1,10,1,1,1,26,39,95,1
11,10,11,1,1,15,1,13,11,13,1,13,1,1,2,2,5,94,2
11,10,11,1,1,15,1,13,11,13,1,10,1,1,3,3,40,105,3
11,10,11,1,1,15,1,13,11,13,1,11,1,1,4,4,7,36,4
11,10,11,1,1,15,3,13,11,13,1,10,1,1,5,5,1,6,5
11,10,11,1,1,15,1,13,11,13,1,10,1,1,6,6,5,106,6
11,10,11,1,1,15,1,13,11,13,1,10,1,1,7,7,12,91,7
11,10,11,1,1,15,1,13,11,13,1,10,1,1,8,8,12,91,8
12,11,13,1,1,16,1,15,3,14,1,2,1,2,9,9,5,74,9
12,11,13,1,1,16,1,15,3,14,1,2,1,2,10,10,5,107,10
12,12,13,1,1,16,1,15,3,14,1,2,1,2,11,11,28,37,11
12,11,13,1,1,16,1,15,3,14,1,2,1,2,12,12,5,37,12
12,11,13,1,1,16,1,15,3,14,1,2,1,2,13,13,20,94,13
12,11,13,1,1,16,1,15,3,14,1,2,1,2,14,14,1,6,14
12,11,14,1,1,16,1,15,3,14,1,2,1,2,15,15,1,6,15
12,11,13,1,1,16,1,15,3,14,1,2,1,3,16,16,14,108,16
12,11,13,1,1,16,1,15,3,14,1,2,1,3,30,17,16,109,17
12,11,13,1,1,16,1,15,3,14,1,2,1,3,18,18,12,110,18
12,11,13,1,1,16,1,15,3,14,1,2,1,3,19,19,5,98,19
12,11,13,1,1,17,1,15,3,14,1,2,1,6,20,20,29,111,20
12,11,13,1,1,16,1,15,3,14,1,2,1,6,21,21,17,112,21
12,11,13,1,1,16,2,15,3,14,1,2,1,6,22,22,17,63,22
12,11,13,1,1,16,1,15,3,14,1,2,1,6,23,23,2,48,23
12,11,13,1,1,16,1,15,3,14,1,2,1,6,24,24,14,113,24
12,11,13,1,1,16,1,15,3,14,1,2,1,6,25,25,19,81,25
12,11,13,1,1,16,1,15,3,14,1,2,1,1,1,26,6,5,1
12,11,13,1,1,16,1,15,3,14,1,2,1,1,2,2,41,114,2
12,11,13,1,1,16,1,15,3,14,1,2,1,1,3,3,13,75,3
12,11,13,1,1,16,1,15,3,14,1,2,1,1,4,4,5,79,4
12,11,13,1,1,16,1,15,3,14,1,2,1,1,31,5,1,6,5
12,11,13,1,1,16,1,15,3,14,1,2,1,1,6,6,5,115,6
12,11,13,1,1,16,1,15,3,14,1,2,1,1,7,7,6,116,7
12,11,13,1,1,16,1,15,3,14,1,2,1,1,8,8,16,116,28
13,13,15,1,1,1,1,16,1,15,1,1,1,2,9,9,8,117,9
13,13,15,1,1,1,1,16,1,15,1,1,1,2,10,10,10,118,10
13,13,15,1,1,1,1,17,1,15,1,1,1,2,11,11,13,119,11
13,13,15,1,1,1,1,16,1,15,1,1,1,2,12,12,5,120,12
13,13,15,1,1,1,1,16,1,15,1,1,1,2,13,13,8,121,13
13,13,15,1,1,1,1,16,1,15,4,1,1,8,14,14,1,6,14
13,13,15,1,1,1,1,16,1,15,1,1,1,2,15,15,42,122,15
13,13,15,1,1,1,1,16,1,15,1,1,1,3,16,16,17,123,16
13,13,15,1,1,1,1,16,1,15,1,1,1,3,17,17,9,124,17
13,13,15,1,1,1,1,16,1,15,1,1,1,3,18,18,9,70,18
13,13,15,1,1,1,1,16,1,15,1,1,1,3,19,19,5,38,19
13,13,15,1,1,1,1,16,1,15,1,1,1,6,20,20,29,22,20
13,13,15,1,1,1,1,16,1,15,1,1,1,6,21,21,10,120,21
13,13,15,1,1,18,1,16,1,15,1,1,1,6,22,22,5,38,22
13,13,15,1,1,1,1,16,1,15,1,1,1,6,23,23,43,125,23
13,13,15,1,1,1,1,16,1,15,1,1,1,6,24,24,13,126,24
13,13,15,1,1,1,1,16,1,15,1,1,1,6,25,31,42,127,25
13,13,15,1,1,1,1,16,1,15,1,1,1,1,1,26,20,22,1
13,13,15,1,1,19,1,16,1,15,1,1,1,1,2,2,2,128,2
14,13,15,1,1,1,1,16,1,15,5,1,1,1,3,3,9,129,29
13,13,15,1,1,1,1,16,1,15,1,1,1,1,4,4,22,130,4
13,13,15,1,1,1,1,16,1,15,1,1,1,1,5,5,21,131,5
13,13,15,1,1,1,1,16,12,15,1,8,1,1,6,6,5,132,6
13,13,15,1,1,1,1,16,1,16,1,1,1,1,7,7,15,133,7
13,13,15,1,1,1,1,16,1,15,1,14,1,1,8,8,20,134,8
15,14,16,1,1,20,1,18,13,17,1,15,1,2,9,32,5,135,9
15,14,16,1,1,20,1,18,13,17,1,15,1,2,10,10,24,88,10
15,14,16,1,1,20,1,18,14,17,1,16,1,2,11,11,13,80,11
15,14,16,1,1,20,1,18,13,17,1,15,1,2,12,12,5,5,12
15,14,16,1,1,20,1,18,15,17,1,15,1,2,13,13,24,10,13
15,14,16,1,1,20,1,18,13,17,1,15,1,2,14,14,5,136,14
15,14,16,1,1,20,1,18,13,17,1,15,1,9,15,15,44,36,15
15,14,16,1,1,20,1,18,13,17,1,15,1,3,16,16,15,50,16
15,14,16,1,1,20,1,18,14,17,1,15,1,3,17,17,5,137,17
15,14,16,1,1,21,3,18,13,18,1,15,1,3,18,18,17,138,18
15,14,16,1,1,20,1,18,13,17,1,15,1,10,19,19,5,90,19
15,14,16,1,1,20,1,18,13,17,1,15,1,6,20,20,2,38,20
15,14,16,1,1,20,1,18,13,17,1,15,1,6,21,21,14,139,21
15,14,16,1,1,20,1,19,13,17,1,15,1,6,22,22,5,140,22
15,14,16,1,1,20,1,18,13,17,1,15,1,6,23,23,8,141,23
15,14,16,1,1,20,1,18,13,17,1,15,1,6,24,24,18,142,24
15,14,16,1,1,20,1,18,13,17,1,15,1,6,25,25,9,116,25
15,14,16,1,1,20,1,18,13,17,1,15,1,11,1,26,5,89,1
15,14,16,1,1,20,1,18,13,17,1,15,1,1,2,2,38,143,2
15,14,16,1,1,20,1,18,15,17,1,17,1,1,3,3,45,25,3
15,14,16,1,1,20,1,18,13,17,1,15,1,12,4,4,9,31,4
15,14,16,1,1,20,1,18,13,17,1,15,1,1,5,5,1,6,5
15,14,16,1,1,20,1,18,13,17,1,15,1,1,6,6,5,144,6
15,14,16,1,1,20,1,18,13,17,1,15,1,1,7,7,2,145,7
15,15,16,1,1,20,1,18,13,17,1,15,1,1,8,8,2,145,8
16,16,17,1,1,22,1,20,16,19,1,9,1,2,9,9,1,6,30
17,16,17,1,1,22,1,20,16,19,1,9,1,2,10,10,1,6,10
17,16,17,1,1,22,1,20,16,19,1,9,1,2,11,11,1,6,11
17,16,17,1,1,22,1,20,16,20,1,18,1,2,12,12,1,6,12
17,16,17,1,1,22,1,20,16,19,1,9,1,2,13,13,1,6,31
17,16,17,1,1,22,1,20,16,19,1,9,1,2,14,14,1,6,14
17,16,17,1,1,22,1,20,16,19,1,9,1,2,15,15,1,6,15
17,16,17,1,1,22,1,20,16,19,1,9,1,3,16,16,5,27,16
17,16,17,1,1,22,1,20,17,19,1,9,1,3,17,17,46,139,17
18,16,17,1,1,22,1,20,16,19,1,9,1,3,18,18,18,102,18
17,16,17,1,1,22,1,20,16,19,1,9,1,3,19,19,18,146,19
17,16,17,1,1,22,1,20,16,19,1,9,1,6,20,20,3,102,20
17,16,17,1,1,22,1,20,16,19,1,9,1,13,21,33,47,147,21
17,16,17,1,1,22,1,20,16,19,1,9,1,6,22,22,5,94,22
17,16,17,1,1,22,1,20,16,19,1,9,1,6,23,23,10,147,23
17,16,17,1,1,22,1,20,16,19,1,9,1,6,24,24,5,87,24
17,16,18,1,1,22,1,20,16,19,1,9,1,6,25,25,3,147,25
17,16,17,1,1,22,1,20,16,21,1,9,1,1,1,26,1,1,1
17,16,17,1,1,22,1,20,16,19,1,9,1,1,2,2,6,5,2
17,16,17,1,1,22,1,20,16,19,1,9,1,1,3,3,14,5,3
17,16,19,1,1,22,1,20,16,19,1,9,1,1,32,4,6,5,4
17,16,17,1,1,22,1,20,16,19,1,9,1,1,5,5,1,6,5
17,16,17,1,1,22,1,20,16,19,2,9,1,1,6,6,5,90,6
17,16,17,1,1,22,1,21,16,19,1,9,1,1,7,7,19,98,7
17,16,17,1,1,22,1,20,16,19,1,9,1,1,8,8,19,98,8
19,17,20,1,1,23,1,22,18,22,1,15,1,2,9,9,8,144,32
19,17,20,1,1,23,1,22,18,22,1,15,1,2,10,10,2,148,10
19,17,20,1,1,23,1,22,18,22,1,15,1,2,11,11,5,101,11
19,17,20,1,1,23,1,22,18,22,1,15,1,2,12,12,5,42,12
20,17,20,1,1,23,1,22,18,22,1,15,1,2,13,13,2,149,13
19,17,20,1,1,23,1,22,18,22,1,15,1,2,14,14,1,6,14
19,17,21,1,1,23,1,22,18,22,1,15,1,2,15,15,20,138,15
19,17,20,1,1,23,1,22,18,22,1,15,1,3,16,16,6,150,16
19,17,20,1,1,23,1,22,18,22,1,15,1,3,17,17,5,151,17
19,17,20,1,1,23,2,22,18,22,1,15,1,3,18,18,2,13,18
19,17,20,1,1,23,1,22,18,22,1,15,1,14,19,19,5,122,19
19,17,20,1,1,23,1,22,18,22,6,15,1,6,20,20,2,152,20
19,17,20,1,1,23,1,22,18,22,1,15,1,6,21,34,5,20,21
19,17,20,1,1,23,1,22,18,22,1,15,1,6,22,22,5,120,22
19,17,20,1,1,23,1,23,18,22,1,15,1,6,23,23,10,153,23
19,17,20,1,1,23,1,22,18,22,1,15,1,6,24,24,14,154,24
19,17,20,1,1,23,1,22,18,22,1,15,1,6,25,25,3,155,25
19,17,20,1,1,23,1,22,18,22,1,15,1,1,1,26,15,156,1
19,17,20,1,1,23,1,22,18,22,1,15,1,1,2,2,9,157,2
19,17,20,1,1,23,1,22,18,22,1,15,1,1,3,3,8,158,3
19,17,20,1,1,23,1,22,18,22,1,15,1,1,4,4,13,159,4
19,17,20,1,1,23,1,24,18,22,1,15,1,1,5,35,14,154,5
19,17,20,1,1,23,1,22,18,22,1,15,1,1,6,6,5,160,6
19,17,20,1,1,23,1,22,18,22,1,15,1,1,7,7,2,161,7
19,17,20,1,1,23,1,22,18,22,2,15,1,1,8,8,17,162,8
1,1,1,1,1,1,1,1,1,1,1,1,1,2,9,9,1,1,9
1,1,22,1,1,1,1,1,1,1,1,1,1,2,10,10,1,1,10
1,1,1,1,1,1,1,1,1,1,1,1,1,2,11,11,1,1,11
1,1,1,1,1,1,1,1,1,1,1,1,1,2,12,12,1,1,12
1,1,1,1,1,1,1,1,1,1,1,1,1,2,13,13,1,1,13
1,1,1,1,1,1,1,1,1,1,1,1,1,2,14,14,1,1,14
1,1,1,1,1,1,1,1,1,1,1,1,1,2,15,15,1,1,15
1,1,1,1,1,1,1,1,1,1,1,1,1,3,16,16,1,1,16
1,1,1,1,1,1,1,1,1,1,1,1,1,3,17,17,1,1,17
1,1,1,1,1,1,1,1,1,1,1,1,1,3,18,18,1,1,18
1,1,1,1,1,1,1,1,1,1,1,1,1,3,19,19,1,1,19
1,1,1,1,1,1,1,1,1,1,1,1,1,6,20,20,1,1,20
1,1,1,1,1,1,1,1,1,1,1,1,1,6,21,21,1,1,21
1,1,1,1,1,1,1,1,1,1,1,1,1,6,22,22,1,1,22
1,1,1,1,1,1,1,1,1,1,1,1,1,6,23,23,1,1,23
1,1,1,1,1,1,1,1,1,1,1,1,1,6,24,24,1,1,24
1,1,1,1,1,1,1,1,1,1,1,1,1,6,25,25,1,1,25
21,18,23,1,1,24,1,25,19,23,1,10,1,15,33,36,5,91,33
21,18,23,1,1,25,1,25,20,23,1,10,1,15,34,37,35,91,34
21,18,23,1,1,25,1,25,19,23,1,19,1,2,9,9,9,163,9
22,18,23,1,1,25,1,25,19,23,1,10,1,2,10,10,10,164,10
21,18,23,1,1,25,1,25,19,23,1,10,1,2,11,11,14,5,11
21,18,24,1,1,25,1,25,19,23,1,10,1,2,12,12,5,165,12
21,18,23,1,1,25,1,25,19,23,1,10,1,2,13,13,14,166,13
21,18,23,1,1,25,1,25,19,23,1,10,5,2,14,14,31,86,14
21,18,23,1,1,25,1,25,19,23,1,10,1,2,15,15,29,90,15
21,18,23,1,1,25,1,25,19,23,1,10,1,3,16,16,29,167,16
21,18,23,1,1,25,1,25,19,24,1,10,1,3,17,17,5,168,17
21,18,23,1,1,25,1,25,19,23,1,10,1,3,18,18,19,169,18
21,18,23,1,1,25,1,25,19,23,1,10,1,3,19,19,5,10,19
21,18,23,1,1,25,1,25,21,23,1,10,1,6,20,20,2,20,20
21,18,23,1,1,25,1,26,19,23,1,10,1,6,21,21,5,170,21
21,18,23,1,1,25,1,25,19,23,1,10,1,6,22,22,5,171,22
21,18,23,1,1,25,1,25,19,23,1,10,3,6,23,23,2,172,23
21,18,23,1,1,25,1,25,19,23,1,10,1,6,24,24,3,173,24
21,18,23,1,1,25,1,25,19,23,1,10,1,6,25,25,13,77,25
21,18,23,1,1,25,1,25,19,23,1,10,1,1,1,26,20,174,1
23,19,25,1,1,6,1,27,2,25,1,10,1,3,17,17,5,175,17
23,19,25,1,1,6,1,28,2,25,1,12,3,3,18,18,5,137,18
23,19,25,1,1,6,1,27,2,25,1,10,1,3,19,19,5,176,19
23,19,26,1,1,6,1,27,2,25,1,10,1,6,20,20,5,177,35
23,19,25,1,1,6,1,27,2,25,1,10,1,6,21,21,5,178,21
23,19,25,1,1,6,1,27,2,25,1,10,1,6,22,22,32,85,22
23,20,25,1,1,6,1,27,2,25,1,10,1,6,23,23,8,179,23
23,19,25,1,1,6,1,27,2,25,1,10,1,6,24,24,8,126,24
23,19,25,1,1,6,1,27,2,25,1,10,1,6,25,25,8,111,25
23,19,25,1,1,6,1,29,2,25,1,10,1,1,1,26,5,25,1
23,19,25,1,1,6,1,27,2,25,1,10,1,1,2,2,5,180,2
23,19,25,1,1,6,1,27,2,26,1,10,1,1,3,3,5,181,3
23,19,25,1,1,6,1,27,2,25,1,10,1,1,4,4,8,182,4
23,19,25,1,1,6,1,27,2,25,1,10,1,1,5,5,9,19,5
23,19,25,1,1,6,1,27,2,25,1,10,1,1,6,6,5,183,6
23,19,25,1,1,6,1,27,22,25,1,10,1,1,7,38,5,184,7
23,19,25,1,1,6,1,27,2,25,1,10,1,1,8,8,5,184,36
24,21,27,1,1,1,1,30,1,27,1,7,1,2,9,9,2,153,9
24,21,27,1,1,1,1,30,1,27,1,7,1,2,35,10,9,185,10
24,21,28,1,1,1,1,30,1,27,1,7,2,2,11,11,42,10,11
24,21,27,1,1,1,1,30,1,27,1,7,1,2,12,12,5,79,12
24,21,27,1,1,1,1,30,1,27,1,7,1,2,13,13,10,72,13
25,22,29,1,1,26,1,31,11,28,1,2,1,1,8,8,29,186,8
26,23,30,1,1,27,1,32,23,29,1,10,1,2,9,9,5,187,9
26,23,30,1,1,27,1,32,23,29,1,10,1,2,10,10,5,105,10
26,23,30,1,1,27,3,32,23,29,1,19,1,2,11,11,5,37,11
26,23,30,1,1,27,1,32,23,29,1,10,1,2,12,12,5,86,12
26,23,30,1,1,27,1,32,23,29,1,10,1,2,13,13,5,74,13
26,23,30,1,1,27,1,32,23,29,1,10,1,2,14,14,31,86,14
27,23,30,1,1,27,1,32,23,29,1,10,1,2,15,15,1,6,15
26,23,30,1,1,27,1,32,23,29,1,10,1,3,16,16,19,122,16
26,23,30,1,1,27,1,32,23,29,1,10,1,3,17,17,5,73,17
26,23,31,1,1,27,1,32,23,29,1,10,1,3,18,18,42,3,18
26,23,30,1,1,27,1,32,23,29,1,10,1,3,19,19,5,5,19
26,23,30,1,1,27,1,32,23,29,1,10,1,6,20,20,13,114,20
26,23,30,1,1,27,1,33,23,29,1,10,1,16,21,21,9,73,21
26,23,30,1,1,28,1,32,23,29,1,10,1,6,22,22,9,16,22
26,23,30,1,1,27,1,32,23,29,1,10,1,6,23,23,5,66,23
26,23,30,1,1,27,1,32,23,29,1,10,1,17,24,24,5,176,24
26,23,30,1,1,27,1,32,23,29,1,10,1,6,25,25,27,104,37
26,23,30,1,1,27,1,32,23,29,1,10,1,1,1,26,15,188,1
26,23,30,1,1,27,1,32,23,29,1,10,1,1,2,2,9,170,2
26,23,30,1,1,27,1,32,23,29,1,10,1,1,3,3,8,54,29
26,23,30,1,1,27,1,32,23,29,1,10,3,1,4,4,17,42,4
26,23,30,1,1,27,1,33,23,29,1,10,1,1,5,5,1,6,5
26,23,30,1,1,27,1,32,23,29,1,10,1,1,6,6,5,179,6
26,23,30,1,1,27,1,32,23,29,1,10,1,1,7,7,24,189,7
26,23,30,1,1,27,1,32,23,29,1,10,1,1,8,8,43,189,8
28,24,32,1,1,29,1,34,24,30,1,20,1,2,9,9,8,190,9
28,24,32,1,1,29,1,34,24,30,1,20,1,2,10,39,2,139,10
28,24,32,1,1,29,1,34,24,31,1,20,1,2,11,11,5,191,11
28,24,32,1,1,29,1,34,24,30,1,20,1,2,12,12,5,189,12
28,24,32,1,1,29,1,34,24,30,1,20,1,2,13,13,10,156,13
28,25,32,1,1,29,1,34,24,31,1,20,1,2,14,14,1,6,14
28,26,32,1,1,29,1,34,24,30,1,20,1,2,15,15,28,89,15
28,24,32,1,1,29,2,34,24,31,1,20,1,18,16,16,20,179,16
28,24,32,1,1,29,1,34,24,30,1,20,1,3,17,17,9,192,38
28,24,32,1,1,29,1,34,24,30,1,20,1,3,18,18,10,59,18
28,24,32,1,1,29,1,34,24,30,1,20,2,3,19,40,5,104,19
28,24,32,1,1,29,1,34,24,30,1,20,1,6,20,20,48,105,20
28,24,32,1,1,29,1,34,24,30,1,20,1,6,36,21,15,96,21
29,27,33,1,1,30,1,35,25,32,1,1,1,2,10,10,5,4,10
29,27,34,1,1,30,1,35,25,33,1,1,1,2,11,11,39,95,11
29,27,33,1,1,30,1,35,25,32,1,1,1,2,12,12,1,6,12
29,27,33,1,1,30,1,35,25,32,1,1,1,2,13,13,5,36,13
29,27,33,1,1,30,1,35,25,32,1,1,1,2,14,14,1,6,14
29,27,33,1,1,30,1,35,25,32,1,1,1,2,15,15,1,6,15
29,27,33,1,1,30,1,35,25,32,1,1,1,3,37,16,10,193,16
29,27,33,1,1,30,1,35,25,32,1,1,1,3,17,17,17,194,17
29,27,33,1,1,30,1,35,25,32,1,1,1,18,18,18,17,195,18
29,27,33,1,1,30,1,35,25,32,1,1,1,3,19,19,10,110,19
29,27,33,1,1,30,3,35,25,32,1,1,1,6,20,20,17,154,20
29,27,33,1,1,30,1,35,25,32,1,1,1,6,21,21,24,65,21
29,27,33,1,1,30,1,35,25,32,1,1,1,6,22,22,5,166,22
29,27,33,1,1,30,1,35,25,32,1,1,1,6,23,23,49,120,23
29,27,33,1,1,30,1,36,25,32,1,1,1,6,24,24,3,194,24
29,27,33,1,1,30,1,35,25,32,1,1,1,6,25,25,8,127,25
30,27,33,1,1,30,1,35,25,32,1,1,1,1,1,26,5,86,1
29,27,33,1,1,30,1,35,25,32,1,1,1,1,38,2,19,98,2
29,27,33,1,1,30,1,35,25,32,1,1,2,1,3,3,19,98,3
29,27,35,1,1,30,1,35,25,32,4,1,1,1,4,4,50,98,4
31,28,36,1,1,31,1,37,26,34,1,10,1,1,7,7,5,22,7
31,28,36,1,1,31,1,37,26,34,2,10,1,1,8,8,9,196,8
32,29,37,1,1,32,1,38,27,35,1,7,4,2,9,9,19,98,9
32,29,38,1,1,32,1,38,28,35,1,7,4,2,10,10,5,95,10
32,29,37,1,1,32,1,38,27,35,1,7,4,2,11,11,5,86,11
32,29,37,1,1,32,1,38,27,35,1,7,4,2,12,12,1,6,12
32,29,37,1,1,32,1,38,27,35,1,7,6,2,13,13,5,197,13
32,29,37,1,1,32,1,38,27,35,1,7,4,2,14,14,1,6,14
32,29,37,1,1,32,1,39,27,35,1,7,4,2,15,15,1,6,15
32,29,37,1,1,32,1,38,27,35,1,7,4,3,16,16,51,198,16
32,29,37,1,1,32,1,38,27,35,1,7,4,3,17,17,8,199,17
32,29,37,1,1,32,1,38,27,35,1,7,4,3,18,18,42,135,18
32,29,37,1,1,32,1,38,27,35,1,7,4,3,19,19,5,99,19
32,29,37,1,1,32,1,38,27,35,1,7,4,6,20,20,14,38,20
32,29,37,1,1,32,1,38,27,35,1,7,4,6,21,21,40,200,21
32,29,37,1,1,32,1,38,27,35,1,7,4,6,22,22,5,201,22
32,29,37,1,1,32,1,40,27,35,1,7,4,6,23,23,2,81,23
32,29,37,1,1,32,1,38,27,35,1,7,4,6,24,24,10,78,24
32,29,37,1,1,32,1,38,27,35,1,7,4,6,25,25,18,103,25
32,29,39,1,1,32,1,38,27,35,1,7,4,1,1,26,27,191,1
33,30,40,1,1,33,4,41,29,36,1,10,1,3,16,16,13,78,39
33,30,40,1,1,33,4,41,29,36,1,10,1,3,17,17,9,56,40
33,30,40,1,1,33,4,41,29,36,1,10,1,3,18,41,5,2,41
33,30,40,1,1,33,4,41,29,36,1,10,1,3,19,19,5,3,42
33,30,40,1,1,33,4,41,29,36,1,10,1,6,20,20,2,140,43
33,30,40,1,1,34,4,41,29,36,1,10,1,6,21,21,5,201,44
33,30,40,1,1,33,4,41,29,36,1,10,1,6,22,22,10,87,45
33,30,40,1,1,33,4,41,29,36,1,10,1,6,23,23,2,88,46
33,30,40,1,1,33,4,41,29,36,1,10,1,6,24,24,24,191,47
33,30,40,1,1,33,4,41,29,36,1,10,1,6,25,25,19,202,48
33,30,40,1,1,33,4,41,29,36,1,10,1,1,1,26,29,203,49
33,30,40,1,1,33,4,41,29,36,1,10,1,1,2,2,10,204,50
33,30,40,1,1,33,4,41,29,36,1,10,1,1,3,3,9,205,51
33,30,40,1,1,33,4,41,29,36,1,10,1,1,4,4,18,206,52
33,30,40,1,1,33,4,41,29,36,1,10,1,1,5,5,17,179,53
33,30,40,1,1,33,4,41,29,36,1,10,1,1,6,42,5,207,54
33,31,40,1,1,33,4,41,29,36,1,10,1,1,7,7,17,161,55
33,30,40,1,1,33,4,41,29,36,1,12,1,1,8,8,17,208,56
34,32,41,1,1,35,4,42,30,37,1,9,4,2,9,9,1,1,57
34,32,42,1,1,35,4,42,30,37,1,9,4,2,10,10,1,1,58
2,2,2,1,1,4,1,2,1,2,1,2,1,6,20,20,15,192,20
2,2,2,1,1,4,1,2,1,2,7,2,1,6,21,21,8,8,21
2,2,2,1,1,4,1,2,1,2,1,2,1,6,22,22,2,27,22
2,2,2,1,1,4,1,2,1,2,1,2,1,6,23,23,9,209,23
2,2,2,1,1,4,1,2,31,2,1,6,1,6,24,24,6,143,24
2,2,2,1,1,4,1,2,32,2,1,2,1,6,25,25,27,210,25
2,2,2,1,1,4,1,2,1,2,1,2,1,1,1,26,22,211,1
2,2,2,1,1,4,1,2,1,2,1,2,1,1,2,2,3,212,2
2,2,2,1,1,4,1,2,1,2,1,2,1,1,3,3,13,213,3
2,2,2,1,1,4,1,2,1,2,1,2,1,1,4,4,16,214,4
2,2,2,1,1,4,1,2,1,2,1,2,1,1,5,5,1,215,5
2,2,2,1,1,4,1,2,1,2,1,2,1,1,6,6,2,216,6
2,2,2,1,1,4,1,2,1,2,1,2,1,1,39,7,42,217,7
2,2,2,1,1,4,1,2,33,2,1,2,1,1,8,8,26,167,8
35,33,43,1,1,36,1,43,34,38,1,2,1,2,9,9,5,80,9
35,33,43,1,1,36,1,43,34,38,1,2,1,9,10,10,5,36,10
35,33,43,1,1,36,1,43,34,38,1,2,1,2,11,11,1,6,11
35,33,43,1,1,36,1,43,34,38,1,2,1,2,12,12,5,95,12
35,33,43,1,1,36,1,43,34,38,1,2,1,2,13,13,20,94,13
35,33,43,1,1,36,1,43,34,39,1,2,1,2,14,14,31,37,14
35,33,44,1,1,36,1,43,34,38,1,2,1,2,15,15,1,6,15
35,33,43,1,1,36,1,43,34,38,1,2,1,3,16,43,52,27,16
35,33,43,1,1,37,1,43,34,38,1,2,1,3,17,17,10,137,17
35,33,43,1,1,36,1,43,34,38,1,2,1,3,18,18,17,195,18
35,33,43,1,1,36,1,43,34,38,1,2,1,3,19,19,17,218,19
35,33,43,1,1,36,2,43,34,38,1,2,1,6,20,20,42,109,59
35,33,43,1,1,36,1,43,34,38,1,2,1,6,21,21,17,166,21
35,33,43,1,1,36,1,43,34,38,1,2,1,6,22,22,29,88,22
35,33,43,1,1,36,1,43,34,38,1,2,1,6,23,23,24,219,23
35,33,43,1,1,36,1,43,34,38,1,2,1,6,24,24,30,73,24
35,33,43,1,1,36,1,43,34,38,1,2,1,6,25,25,19,220,25
35,33,43,1,1,36,2,43,34,38,1,2,1,1,1,26,5,99,1
35,33,45,1,1,36,1,43,34,38,1,2,1,1,2,2,17,221,2
35,33,43,1,1,38,1,43,34,38,1,2,1,1,3,3,10,221,3
35,33,43,1,1,36,1,43,34,38,1,2,1,1,4,4,42,122,4
35,33,43,1,1,36,1,43,34,38,1,2,1,1,5,5,1,6,5
35,33,43,1,1,36,1,43,34,38,1,2,1,1,6,6,50,137,6
35,33,43,1,1,36,1,43,34,38,1,2,1,1,7,7,18,222,7
35,33,43,1,1,36,1,44,34,38,8,2,1,1,8,8,53,222,8
36,34,46,1,1,39,1,45,35,40,1,1,1,2,9,9,1,6,9
36,34,46,1,1,39,1,45,35,40,1,1,2,2,10,10,5,86,10
36,34,46,1,1,39,1,45,35,40,9,21,1,2,11,44,1,6,11
36,34,46,1,1,39,1,45,35,40,1,1,1,2,12,12,1,6,12
36,34,46,1,1,39,1,45,35,40,1,1,1,2,40,13,1,6,13
36,34,46,1,1,39,1,45,35,40,1,1,1,2,14,14,1,223,14
36,34,46,1,1,39,1,45,35,40,5,1,1,2,15,15,1,6,15
36,34,46,1,1,39,1,45,35,40,1,1,1,3,16,16,20,96,16
36,34,46,1,1,39,1,46,35,40,1,1,1,3,17,17,17,122,17
36,34,46,1,1,39,1,45,35,40,1,1,1,3,18,18,19,98,18
36,34,46,1,1,39,1,45,35,40,1,1,1,3,19,19,5,90,19
36,34,46,1,1,39,1,45,36,40,1,1,1,6,20,20,14,224,20
36,34,46,1,1,39,1,45,35,40,1,1,1,6,21,21,2,2,21
36,34,46,1,1,39,3,45,35,40,1,1,1,6,22,22,5,35,22
36,34,46,1,1,39,1,45,35,40,1,1,1,6,23,23,15,116,23
36,34,46,1,1,39,1,45,35,40,1,1,1,19,24,24,54,100,24
36,34,46,1,1,39,1,45,35,40,1,1,1,6,25,45,22,225,25
36,34,46,1,1,39,1,45,35,40,1,1,1,1,1,26,1,1,1
36,34,46,1,1,39,1,45,35,40,1,1,1,1,2,2,31,37,2
36,34,46,1,1,39,1,45,35,40,1,1,1,1,3,3,5,37,3
36,34,46,1,1,39,1,45,35,40,2,1,1,1,4,4,31,86,4
36,34,46,1,1,39,1,45,35,40,1,1,1,1,5,5,1,6,5
36,34,46,1,1,39,1,45,36,40,1,1,1,1,6,6,5,94,6
36,34,46,1,1,39,1,45,35,40,1,1,1,1,7,7,50,36,7
36,34,46,1,1,39,1,45,35,40,1,1,1,1,8,8,5,36,8
37,35,47,1,1,40,1,47,37,41,1,15,1,2,9,9,5,226,9
37,35,47,1,1,41,1,47,37,42,1,15,1,2,10,10,5,227,10
37,35,47,1,1,40,1,47,37,42,1,15,1,2,11,11,5,60,11
37,35,47,1,1,40,1,47,37,42,1,15,1,2,12,12,5,210,12
37,35,47,1,1,40,1,47,37,42,1,15,1,2,13,13,5,228,13
37,35,47,1,1,40,1,47,37,42,1,15,2,2,14,14,1,6,14
37,35,47,1,1,40,1,47,37,42,1,15,1,2,15,15,10,110,15
37,35,47,1,1,40,1,47,37,42,1,15,1,3,16,16,5,229,16
37,35,47,1,1,40,1,47,37,42,1,15,1,3,17,17,5,230,17
37,35,47,1,1,40,1,47,37,42,1,15,1,3,18,18,5,42,18
37,35,47,1,1,40,1,47,37,42,1,22,1,3,19,19,5,85,19
37,35,47,1,1,40,1,47,38,42,1,15,1,6,20,20,17,173,20
37,35,47,1,1,40,1,47,37,42,1,15,1,6,21,21,10,54,21
37,35,47,1,1,40,1,47,37,42,1,15,1,6,22,22,17,109,22
37,35,47,1,1,40,1,47,37,42,1,15,1,6,23,23,24,81,23
37,35,47,1,1,40,1,47,37,42,1,15,1,6,24,24,19,13,24
37,36,47,1,1,40,1,47,37,42,4,15,1,6,25,46,3,231,25
37,35,47,1,1,40,1,47,37,42,1,15,1,1,1,26,2,127,1
37,35,47,1,1,40,1,47,37,42,1,15,1,1,2,2,2,232,2
37,35,47,1,1,40,1,47,37,42,1,15,1,1,3,3,2,233,3
37,35,47,1,1,40,1,47,37,42,1,15,3,1,4,4,17,234,4
37,35,47,1,1,40,1,47,37,42,1,15,1,1,5,5,24,22,5
37,35,47,1,1,40,1,47,37,42,1,15,1,1,6,6,5,235,6
37,35,47,1,1,40,1,47,37,42,1,15,1,1,7,7,9,144,7
37,35,47,1,1,40,1,47,39,42,1,15,1,1,8,8,17,144,8
38,37,48,1,1,40,1,48,37,43,1,1,1,2,9,47,24,236,9
38,37,48,1,1,40,1,48,37,43,1,1,1,2,10,10,3,19,10
38,37,48,1,1,40,1,48,37,43,1,1,1,2,11,11,26,147,11
38,37,48,1,1,40,1,49,37,43,1,1,1,2,12,12,2,63,12
38,37,48,1,1,40,1,48,37,43,1,1,1,2,13,48,24,237,13
38,37,48,1,1,40,1,48,37,43,1,1,1,2,14,14,1,215,14
38,37,48,1,1,40,1,48,37,43,1,1,1,2,15,15,44,90,15
38,37,48,1,1,40,1,48,37,44,1,1,1,3,16,16,55,238,16
38,37,48,1,1,40,1,48,37,43,1,1,1,3,17,17,19,239,17
38,37,48,1,1,40,1,48,37,43,1,1,1,3,18,18,42,179,18
38,37,48,1,1,40,1,48,38,43,1,1,1,3,19,19,8,194,19
38,37,48,1,1,40,1,48,37,43,1,1,1,6,20,20,42,240,20
38,37,48,1,1,40,1,48,37,43,1,1,1,6,21,21,24,241,21
38,37,48,1,1,40,1,48,37,43,1,1,1,6,22,22,13,242,22
38,37,48,1,1,40,1,48,37,43,1,1,1,20,23,23,18,243,60
38,37,48,1,1,40,1,48,37,43,1,1,1,6,24,24,27,244,24
38,37,48,1,1,40,1,48,37,43,1,1,1,6,25,25,27,34,25
38,37,48,1,1,40,1,48,37,43,1,1,1,1,1,26,39,245,1
39,37,48,1,1,40,2,48,37,43,1,1,1,1,2,2,12,246,2
38,38,48,1,1,40,1,48,37,43,1,1,1,1,3,3,9,247,3
38,37,48,1,1,40,1,48,37,45,1,1,1,1,4,4,20,248,4
38,37,48,1,1,40,1,48,37,44,1,1,1,1,5,49,11,11,5
38,37,48,1,1,40,1,48,37,43,1,1,1,1,6,6,2,249,6
38,37,48,1,1,40,1,48,37,43,1,1,5,1,7,7,3,250,61
38,37,48,1,1,40,1,48,37,43,1,1,1,1,8,8,29,58,8
40,39,49,1,1,42,1,50,40,46,1,7,1,2,9,9,3,147,9
40,39,49,1,1,42,1,50,40,46,1,7,1,2,10,10,19,98,62
40,39,49,1,1,42,1,50,40,46,1,7,1,2,11,11,5,86,11
40,39,49,1,1,42,1,50,40,46,1,7,1,2,12,12,28,4,12
40,39,49,1,1,42,1,50,40,46,1,7,1,2,13,13,3,3,13
40,39,49,1,1,42,1,50,40,46,1,7,1,2,14,14,31,37,14
40,39,49,1,1,42,3,50,40,47,1,23,1,2,15,15,1,6,15
40,39,49,1,1,42,1,50,40,46,1,7,1,3,16,16,56,62,16
40,39,49,1,1,42,1,50,40,46,1,7,1,3,17,17,8,251,17
40,39,49,1,1,42,1,50,40,46,1,7,1,3,18,18,10,193,18
40,39,49,1,1,42,1,50,40,46,1,7,1,3,19,19,2,252,19
40,39,49,1,1,42,1,50,40,46,1,7,1,6,20,20,7,108,20
40,39,49,1,1,43,1,50,41,46,1,7,1,6,21,21,24,53,21
40,39,49,1,1,42,1,50,40,46,1,7,5,6,22,22,13,39,22
40,39,49,1,1,42,1,50,40,46,1,7,1,6,41,23,27,253,23
40,39,49,1,1,42,1,50,40,46,1,7,1,6,24,24,42,221,24
40,39,49,1,1,42,1,50,40,46,1,7,1,6,25,25,4,254,25
40,39,49,1,1,42,1,50,40,46,1,7,1,1,1,26,57,188,1
40,39,49,1,1,42,1,50,40,46,1,7,1,1,2,2,5,255,2
40,39,49,1,1,42,1,50,40,46,1,7,1,1,3,3,14,45,3
40,39,49,1,1,42,1,50,40,46,1,7,1,1,4,4,26,154,4
40,39,49,1,1,42,1,50,40,46,1,7,5,1,5,5,1,6,5
40,39,49,1,1,42,1,50,40,46,2,7,1,1,6,6,10,256,6
40,39,49,1,1,42,1,50,40,46,1,7,1,1,7,7,18,66,7
40,39,49,1,1,44,1,50,42,46,1,7,1,1,8,8,27,59,8
41,40,50,1,1,45,1,51,43,48,1,7,1,2,9,9,1,1,9
41,40,50,1,1,45,3,51,43,48,1,7,1,2,10,10,1,1,10
41,40,50,1,1,45,1,51,43,49,1,7,1,2,11,11,1,1,11
41,40,50,1,1,45,1,51,43,48,1,7,1,2,12,12,1,1,12
41,40,50,1,1,45,1,51,43,48,1,7,1,2,13,13,1,1,13
41,40,50,1,1,45,1,51,43,48,1,7,1,2,14,14,1,1,14
41,40,50,1,1,45,1,51,43,48,1,7,1,2,15,15,1,1,15
41,40,50,1,1,45,1,51,43,48,1,7,1,3,16,16,5,37,16
41,40,50,1,1,45,1,51,43,48,1,7,1,21,17,17,5,95,17
41,40,50,1,1,45,1,51,43,48,1,7,1,3,18,18,1,6,18
41,40,50,1,1,46,1,51,43,48,1,7,1,3,19,19,1,6,19
41,40,50,1,1,45,1,51,44,48,1,7,1,6,20,20,5,225,20
41,40,50,1,1,45,1,51,43,48,1,7,1,6,21,21,5,188,21
41,40,50,1,1,45,1,51,43,48,1,7,1,6,22,22,5,99,22
41,40,50,1,1,45,1,51,43,48,1,7,1,6,23,23,5,16,23
41,40,50,1,1,45,1,51,43,48,1,7,1,6,24,24,14,101,24
41,40,50,1,1,45,1,51,43,48,1,7,1,6,25,25,5,174,25
42,40,50,1,1,45,1,51,43,48,1,7,1,22,1,26,1,1,1
41,40,50,1,1,45,1,51,43,48,1,7,1,1,2,2,1,1,2
41,40,50,1,1,45,1,51,43,48,1,7,1,1,3,3,1,1,3
41,40,50,1,1,45,1,51,43,48,1,7,1,1,4,4,1,1,4
41,40,50,1,1,45,1,51,43,48,1,7,1,1,5,50,1,1,5
41,40,50,1,1,45,1,51,43,48,1,7,1,1,6,6,1,1,6
41,40,50,1,1,45,1,51,43,48,1,7,1,1,7,7,1,1,7
41,40,50,1,1,45,1,51,43,48,1,7,1,1,8,8,1,1,8
43,41,51,1,1,47,1,52,45,50,1,2,1,2,9,9,9,33,9
43,41,51,1,1,47,1,52,45,50,1,2,1,2,10,10,2,257,10
43,41,51,1,1,47,1,52,45,50,1,2,1,2,11,11,14,258,11
43,41,51,1,1,47,1,52,45,50,1,2,1,2,12,12,5,259,12
43,41,51,1,1,47,1,52,45,50,1,2,1,2,13,13,9,260,13
43,41,51,1,1,47,1,52,45,50,1,2,1,2,14,14,1,6,14
43,41,51,1,1,47,1,52,45,50,1,2,1,2,15,15,42,87,63
43,41,51,1,1,47,1,52,45,50,1,2,1,3,16,16,27,261,16
43,41,51,1,1,47,1,52,45,50,1,2,1,3,17,17,5,262,17
43,41,51,1,1,47,1,52,45,50,1,2,1,3,18,18,3,263,18
43,41,51,1,1,47,1,52,45,50,1,2,1,3,19,19,5,81,19
44,41,51,1,1,47,1,52,45,50,1,2,1,6,20,20,3,7,20
43,41,51,1,1,47,1,52,45,50,1,2,3,6,21,21,13,264,21
43,41,51,1,1,47,1,52,45,50,1,2,1,6,22,22,5,73,22
43,41,51,1,1,47,1,52,45,50,1,2,1,6,23,23,10,265,23
43,41,51,1,1,47,1,52,45,50,1,2,1,23,24,24,2,112,24
43,41,51,1,1,47,1,52,45,50,1,2,1,6,25,25,18,127,25
43,41,51,1,1,47,1,52,46,50,1,2,1,1,1,26,9,148,1
43,41,51,1,1,47,1,52,45,50,2,2,1,1,2,2,8,266,2
43,41,51,1,1,47,1,52,45,50,1,2,1,1,3,3,8,267,3
43,41,51,1,1,47,1,52,45,50,1,2,1,1,4,4,2,268,4
43,41,51,1,1,47,1,52,45,50,1,2,1,1,5,5,9,269,5
43,41,51,1,1,47,1,52,45,50,1,2,1,1,6,6,5,270,6
45,41,51,1,1,47,1,52,45,50,1,2,1,1,42,7,3,129,7
43,41,51,1,1,47,1,52,45,50,1,2,1,1,8,8,19,129,8
46,42,52,1,1,48,1,53,47,51,1,24,4,2,9,9,28,4,9
46,42,52,1,1,48,1,53,47,51,1,24,4,2,10,10,39,95,10
46,42,52,1,1,48,1,53,47,51,1,24,4,2,11,11,1,6,11
46,42,52,1,1,48,1,53,47,51,1,24,4,2,12,12,1,6,12
47,42,52,1,1,48,1,53,47,51,1,24,4,2,13,13,39,95,13
46,42,52,1,1,48,1,53,47,51,1,24,4,2,14,14,1,6,64
46,42,52,1,1,48,1,53,47,51,1,24,4,2,15,15,1,6,15
46,42,52,1,1,48,1,53,47,51,1,24,4,3,27,16,31,39,16
46,42,52,1,1,48,1,53,47,51,1,24,4,3,17,17,58,88,17
46,42,52,1,1,48,1,53,47,51,1,24,4,3,18,51,34,4,18
46,42,52,1,1,48,1,53,47,51,1,24,4,3,19,52,5,37,19
46,42,53,1,1,48,1,53,47,51,1,24,4,6,20,20,34,76,20
46,42,52,1,1,48,1,53,47,51,1,24,6,6,21,21,5,5,21
46,43,52,1,1,49,1,53,47,51,1,24,4,6,22,22,39,94,22
47,42,52,1,1,48,1,53,47,51,1,24,4,6,23,23,19,101,23
46,42,52,1,1,48,1,53,47,51,1,24,4,6,24,24,10,174,24
46,42,52,1,1,48,1,53,47,51,1,24,4,6,25,25,59,89,25
46,42,52,1,1,48,1,53,47,51,1,24,4,1,1,26,1,1,1
46,42,52,1,1,48,1,53,47,51,1,24,4,1,2,2,1,1,2
46,42,52,1,1,48,1,53,47,51,1,24,4,1,3,3,1,1,3
46,42,52,1,1,48,1,53,47,51,1,24,4,1,4,4,1,1,4
46,42,52,1,1,48,1,53,47,51,1,24,4,1,5,5,1,1,5
46,42,52,1,1,48,1,53,47,51,1,24,4,1,6,6,1,1,6
46,42,52,1,1,48,1,53,47,51,1,24,4,1,7,7,1,1,7
46,42,52,1,1,48,1,53,47,51,1,24,4,1,8,8,1,1,8
48,44,54,1,1,1,1,1,1,52,1,20,1,2,9,9,9,133,9
48,44,54,1,1,1,1,1,1,53,1,20,1,2,10,10,9,123,10
48,44,54,1,1,1,1,1,1,53,1,20,1,2,11,11,13,271,11
48,44,54,1,1,1,1,1,1,53,1,20,1,2,12,12,5,25,12
48,44,54,1,1,1,1,1,1,53,1,20,1,2,13,13,2,159,13
48,44,54,1,1,1,1,1,1,53,1,20,1,2,14,14,1,6,14
48,44,54,1,1,1,1,1,31,53,1,20,1,2,15,53,9,201,15
48,44,54,1,1,1,1,1,1,53,1,20,1,3,43,16,60,272,16
48,44,54,1,1,1,1,1,1,53,1,20,3,3,17,17,10,273,17
48,44,54,1,1,1,1,1,1,53,1,20,1,3,18,18,17,274,18
48,44,54,1,1,1,1,1,1,53,1,20,1,3,44,19,5,70,19
48,44,54,1,1,1,1,1,1,53,1,20,1,6,20,20,25,52,20
48,44,54,1,1,1,1,1,1,53,1,20,1,6,21,21,3,275,65
48,44,54,1,1,1,1,54,1,53,1,20,1,13,22,22,5,149,22
48,44,54,1,1,1,1,1,1,53,1,20,1,6,23,23,3,276,23
48,44,54,1,1,1,1,1,1,53,1,20,1,6,24,24,42,115,24
48,44,54,1,1,1,1,1,1,53,1,20,1,6,25,25,26,72,25
48,44,54,1,1,1,1,1,1,53,1,20,1,1,1,26,61,137,1
48,44,54,1,1,1,1,1,1,53,1,20,1,1,2,2,18,277,2
48,44,54,1,1,1,1,55,1,53,1,20,1,1,3,3,24,278,3
48,44,54,1,1,1,1,1,1,53,1,20,1,1,4,4,29,279,4
48,44,54,1,1,1,1,1,1,53,1,20,1,1,5,5,62,280,5
48,44,54,1,1,1,1,1,1,53,1,20,1,1,6,6,2,281,6
48,44,54,1,1,1,1,1,33,53,1,20,1,1,7,7,26,241,7
48,44,54,1,1,50,1,1,1,53,1,20,1,1,8,8,51,134,8
49,45,55,1,1,51,1,56,48,54,1,1,4,2,45,9,51,3,9
49,45,55,1,1,51,1,56,49,54,1,1,4,2,10,10,5,4,10
49,45,55,1,1,51,1,56,48,54,1,1,4,2,11,11,5,86,11
49,45,55,1,1,51,1,56,48,54,1,1,4,2,46,12,1,6,12
49,45,55,1,1,51,1,56,48,54,10,1,4,4,13,13,4,4,13
49,45,55,1,1,52,1,56,48,54,1,1,4,2,14,14,1,6,14
49,46,55,1,1,51,1,56,48,54,1,1,4,2,15,15,1,6,15
49,45,55,1,1,51,1,56,50,54,1,1,4,24,16,16,45,63,16
49,45,55,1,1,51,1,56,48,55,1,1,4,3,17,17,5,77,17
49,45,55,1,1,51,1,56,48,54,1,1,4,3,18,18,5,101,18
49,45,55,1,1,51,2,56,48,54,1,1,4,3,19,19,5,91,19
49,45,55,1,1,51,1,56,48,54,1,1,4,6,20,20,29,119,20
49,45,55,1,1,51,1,56,48,54,1,1,4,6,21,21,24,50,21
50,45,55,1,1,51,1,56,48,54,1,1,4,6,22,22,19,10,22
49,45,55,1,1,51,1,56,48,54,6,1,4,6,23,54,2,13,23
49,45,55,1,1,51,1,56,48,54,1,1,4,6,24,55,10,221,24
49,45,55,1,1,51,1,56,48,54,1,1,4,6,25,25,14,116,25
49,45,55,1,1,51,1,56,48,54,1,1,4,1,1,26,5,95,1
49,45,55,1,1,51,1,56,48,54,1,1,4,1,2,2,5,98,2
49,47,55,1,1,51,1,57,48,54,1,1,4,1,3,3,5,98,3
49,45,55,1,1,51,1,56,48,54,1,1,4,1,4,4,50,91,4
49,45,55,1,1,51,1,56,48,54,1,1,4,25,5,5,1,6,5
49,45,55,1,1,51,1,56,48,56,1,1,4,1,6,56,5,2,6
49,45,55,1,1,51,1,56,48,54,1,1,4,1,7,7,18,147,7
49,45,55,1,1,51,1,56,48,54,1,1,4,1,8,8,18,147,8
51,48,56,1,1,53,1,58,51,57,1,2,1,26,9,9,5,103,9
51,48,56,1,1,53,1,58,51,57,1,2,1,2,10,10,5,87,10
51,48,56,1,1,53,1,58,51,57,1,2,1,2,47,11,40,95,11
51,48,56,1,1,53,1,58,51,57,1,2,1,2,12,12,5,95,12
51,48,56,1,1,53,1,58,51,57,1,2,1,2,13,13,5,174,13
52,48,56,1,1,53,1,58,51,57,1,2,1,2,14,14,1,6,66
51,48,56,1,1,53,1,58,52,57,1,2,1,2,15,15,1,6,15
51,48,56,1,1,53,1,58,51,57,1,2,1,3,16,16,8,48,16
53,48,56,1,1,53,1,58,51,57,1,2,1,3,17,17,5,64,17
51,48,56,1,1,53,1,58,51,57,1,2,1,3,18,18,2,140,18
51,48,56,1,1,53,1,58,51,57,1,2,1,3,19,19,5,97,19
51,48,56,1,1,53,1,58,51,57,1,2,1,6,20,20,5,115,20
51,48,56,1,1,53,1,58,51,57,1,2,1,6,21,21,5,65,21
51,48,56,1,1,53,1,58,51,57,6,2,1,6,48,22,5,145,22
51,49,56,1,1,53,1,58,52,57,1,2,1,6,23,23,8,26,23
51,48,56,1,1,53,1,58,51,57,1,2,1,6,24,24,9,31,24
51,48,56,1,1,53,1,58,51,57,1,2,1,6,25,25,9,22,25
51,48,56,1,1,53,1,58,51,57,1,2,1,11,1,26,8,282,1
51,48,56,1,1,53,1,58,51,57,1,2,1,1,2,2,8,283,2
51,48,56,1,1,53,1,58,51,57,1,2,1,1,49,3,9,284,3
51,48,57,1,1,54,1,58,51,57,1,2,1,1,4,4,9,29,4
51,48,56,1,1,53,1,58,51,57,1,2,1,1,5,5,1,6,5
51,48,56,1,1,53,1,58,51,57,1,2,1,1,6,6,5,285,6
51,48,56,1,1,53,1,58,51,57,1,2,1,1,7,7,24,286,7
51,48,56,1,1,53,1,58,51,57,1,2,1,1,8,8,24,286,8
54,50,58,1,1,55,1,59,8,58,1,10,4,2,9,9,5,74,9
54,50,58,1,1,55,1,59,8,58,1,10,4,2,10,10,21,36,10
54,50,58,1,1,55,1,59,8,58,1,10,4,2,11,11,5,95,11
54,50,58,1,1,55,1,59,8,58,1,19,4,2,12,12,1,6,12
54,50,58,1,1,55,1,59,8,58,1,10,4,2,13,13,5,94,13
54,50,58,1,1,55,1,59,8,58,1,10,4,2,14,14,1,6,14
54,50,58,1,1,55,1,59,8,58,1,10,4,2,15,15,1,6,15
54,50,58,1,1,55,1,59,8,58,1,10,4,3,16,16,5,287,16
54,50,58,1,1,55,1,59,8,58,1,10,4,3,50,17,13,143,17
54,50,58,1,1,55,1,60,8,58,1,10,4,3,18,18,6,93,18
54,50,58,1,1,55,1,59,8,59,1,10,4,3,19,19,5,218,19
54,50,58,1,1,55,1,59,53,58,1,10,4,6,20,20,5,85,20
54,50,58,1,1,55,1,59,8,58,1,10,4,6,21,21,15,108,21
54,50,58,1,1,55,1,59,8,58,1,10,4,6,22,22,5,53,22
55,50,58,1,1,55,1,59,8,58,1,10,4,6,23,23,2,194,23
54,50,58,1,1,56,1,59,8,58,1,10,4,6,24,24,4,75,24
54,50,58,1,1,55,1,59,8,58,1,10,4,6,25,25,3,221,25
54,51,58,1,1,55,1,59,8,58,1,10,4,1,1,26,15,188,1
54,50,58,1,1,55,1,59,8,58,1,10,4,1,2,2,2,143,2
54,50,58,1,1,55,1,59,8,58,1,10,4,1,3,3,18,288,67
54,50,58,1,1,55,1,59,8,58,1,10,4,1,4,4,8,31,4
54,50,58,1,1,55,1,59,8,58,1,10,4,1,5,5,1,6,5
54,50,58,1,1,55,1,59,8,60,1,10,4,1,6,6,5,289,6
54,50,58,1,1,55,2,59,8,58,1,10,4,1,7,7,7,114,68
54,52,58,1,1,55,1,59,8,58,1,10,4,1,8,8,7,114,8
21,18,23,1,1,25,1,25,19,23,1,10,1,15,51,57,5,91,69
21,18,59,1,1,25,1,25,19,23,1,10,1,1,2,2,8,156,2
21,18,23,1,1,25,1,25,19,23,1,10,1,1,3,3,14,42,3
21,18,23,1,1,25,1,25,19,23,1,10,1,1,4,4,63,200,4
21,18,23,1,1,25,1,25,19,23,1,10,1,1,5,5,1,6,5
21,18,23,1,1,25,1,25,19,23,1,10,1,1,6,6,5,290,6
21,18,23,1,1,57,1,25,19,23,1,10,1,1,7,7,19,255,7
21,18,23,1,1,25,1,25,19,23,1,10,1,1,8,8,15,154,8
56,53,60,1,1,58,1,61,54,61,1,2,1,15,52,57,5,291,69
56,53,60,1,1,58,1,61,54,61,1,2,1,15,33,36,9,291,33
56,53,60,1,1,58,1,61,54,61,1,2,1,15,34,37,64,292,34
56,54,60,1,1,58,1,61,54,61,1,2,1,2,9,9,9,115,9
56,53,60,1,1,58,1,61,54,61,1,2,1,2,10,10,5,293,10
56,53,60,1,1,58,1,61,54,61,6,2,1,2,11,11,2,85,11
57,53,60,1,1,58,1,61,54,61,1,2,1,4,12,12,5,125,12
56,53,60,1,1,58,1,61,54,61,1,2,1,2,13,13,5,294,13
56,53,60,1,1,58,1,61,54,61,7,2,1,2,14,14,1,6,14
56,53,60,1,1,58,1,61,54,61,1,2,1,2,15,15,27,100,15
56,53,60,1,1,58,1,61,54,61,1,25,1,3,16,16,11,295,16
56,53,60,1,1,58,1,61,55,61,1,2,1,3,17,58,24,296,17
56,53,60,1,1,58,1,61,54,61,1,2,1,3,18,18,9,170,18
56,53,60,1,1,58,1,61,54,61,1,2,1,3,19,19,5,103,70
56,53,60,1,1,58,1,61,54,61,1,2,1,6,53,20,10,297,20
58,53,60,1,1,58,1,61,54,61,1,2,1,6,21,21,8,298,21
56,53,60,1,1,58,1,61,54,61,1,2,1,6,22,22,2,299,22
56,53,60,1,1,58,2,61,54,61,1,2,1,6,23,23,14,300,23
56,53,60,1,1,58,1,61,54,61,1,2,1,6,24,24,15,301,24
59,53,60,1,1,58,1,61,54,61,1,2,1,6,25,25,15,302,25
56,53,60,1,1,58,1,61,54,61,1,2,1,1,1,26,19,84,1
56,53,60,1,1,58,1,61,54,61,1,2,1,1,2,2,24,132,2
56,53,60,1,1,58,1,61,54,61,1,2,1,1,3,3,8,303,71
56,53,60,1,1,58,1,61,54,61,1,2,2,1,4,4,14,304,4
56,53,60,1,1,58,1,61,56,61,1,2,1,1,5,5,24,8,5
56,53,60,1,1,58,1,61,54,61,1,2,1,1,6,6,8,305,6
56,53,60,1,1,58,1,61,54,61,1,2,1,1,7,7,14,306,7
56,53,60,1,1,58,1,61,54,61,1,2,1,1,8,8,19,306,8
60,55,61,1,1,59,1,62,57,62,1,10,1,2,9,59,17,84,9
60,55,61,1,1,59,1,62,57,62,1,10,1,2,10,10,8,226,10
60,55,61,1,1,59,1,62,57,62,1,10,1,2,11,11,15,195,11
60,55,61,1,1,59,1,62,57,62,1,10,1,2,12,12,5,27,12
60,55,61,1,1,59,1,62,57,62,1,10,1,2,13,13,24,255,13
60,55,61,1,1,59,1,62,57,62,1,10,1,2,14,14,53,102,14
60,55,61,1,1,59,1,62,57,62,1,10,1,2,15,15,20,99,15
60,55,61,1,1,59,1,62,57,62,1,10,5,3,16,16,37,43,16
60,55,61,1,1,59,1,62,57,62,1,10,1,3,17,17,5,58,17
60,55,61,1,1,59,1,62,57,62,1,10,1,3,18,18,14,38,18
60,55,61,1,1,59,1,62,57,62,1,10,1,3,19,19,5,119,19
60,55,61,1,1,59,1,62,57,62,1,10,1,6,20,20,10,213,20
60,55,61,1,1,59,1,62,57,62,11,10,1,6,21,21,10,307,21
60,55,61,1,1,59,1,63,57,62,1,10,1,6,22,22,5,70,22
60,55,61,1,1,59,1,62,57,62,1,10,1,6,23,60,17,308,23
60,55,61,1,1,59,1,62,57,62,1,10,1,6,24,24,15,265,24
60,55,61,1,1,59,1,62,57,62,1,10,1,6,25,25,10,307,25
60,55,61,1,1,59,1,62,57,62,1,10,1,1,1,26,13,309,1
60,55,61,1,1,59,1,62,57,62,1,10,1,1,2,2,9,310,2
60,55,61,1,1,60,1,62,57,62,1,10,1,1,3,3,2,311,3
60,55,61,1,1,59,1,62,57,62,1,10,1,1,4,4,19,312,4
60,55,61,1,1,59,1,62,57,62,1,10,1,1,5,5,17,313,5
60,55,61,1,1,59,1,62,57,63,1,10,1,1,6,6,5,314,6
60,55,61,1,1,59,1,62,57,62,1,10,1,1,7,7,24,315,7
60,55,61,1,1,59,1,62,57,62,1,10,1,1,8,8,29,315,8
61,56,62,1,1,61,1,64,58,64,1,1,1,2,9,9,5,86,72
61,56,62,1,1,61,1,64,58,64,1,1,1,2,10,10,5,86,10
61,56,62,1,1,61,1,64,58,64,1,1,1,2,11,11,5,86,11
61,56,62,1,1,61,1,64,58,64,1,1,1,2,12,12,1,6,12
61,56,62,1,1,61,1,64,58,64,1,1,1,2,13,13,5,86,13
61,56,62,1,1,61,1,64,58,64,1,1,1,2,14,14,1,6,14
61,56,62,1,1,61,1,64,58,64,1,1,1,2,15,15,1,6,15
61,56,62,1,1,61,1,64,58,64,1,1,1,3,16,16,16,188,16
61,56,62,1,1,61,1,64,58,64,1,1,1,3,17,17,15,76,17
61,56,62,1,1,61,1,64,58,64,1,1,1,3,18,18,4,4,18
61,56,62,1,1,61,1,64,58,64,1,1,1,3,19,19,5,4,19
61,56,62,1,1,61,1,64,58,64,1,1,1,6,20,20,15,201,20
61,56,62,1,1,61,1,64,58,64,1,1,1,6,21,21,3,138,21
61,56,62,1,1,61,1,64,58,64,1,1,1,6,22,22,17,89,22
61,56,62,1,1,61,1,64,58,64,1,1,1,6,23,23,9,100,23
61,56,62,1,1,61,1,64,58,64,1,1,1,6,54,24,24,252,73
61,56,62,1,1,61,1,64,58,64,1,1,1,6,25,25,22,140,25
61,56,62,1,1,61,1,64,58,64,1,1,1,1,1,26,28,37,1
61,56,62,1,1,61,1,64,58,64,1,1,1,1,2,2,5,316,2
61,56,62,1,1,61,1,64,58,64,1,26,1,1,3,3,5,4,3
61,56,62,1,1,61,1,64,58,64,1,1,1,1,4,4,5,4,4
61,56,62,1,1,61,1,64,58,64,8,1,1,1,5,5,1,6,5
61,56,63,1,1,61,1,64,58,64,1,1,1,1,6,6,5,36,6
61,56,62,1,1,61,1,64,58,64,1,1,1,1,7,7,1,6,7
61,56,62,1,1,61,1,64,58,64,1,1,1,27,8,8,1,6,8
62,57,64,1,1,62,1,65,23,65,1,1,1,2,9,9,39,95,9
62,57,64,1,1,62,1,65,23,65,1,1,1,2,10,10,39,95,10
62,57,64,1,1,62,1,65,23,65,1,1,1,2,11,11,5,86,11
62,57,64,1,1,63,1,65,23,66,1,1,1,2,12,12,1,6,12
62,57,64,1,1,62,1,65,23,65,1,1,1,2,13,13,35,95,13
62,57,65,1,1,62,1,65,23,65,1,1,1,2,14,14,1,6,14
62,57,64,1,1,62,1,65,23,65,1,1,1,2,15,15,1,6,15
63,57,64,1,1,62,1,65,23,65,1,1,1,3,16,16,25,252,16
62,57,64,1,1,62,1,65,23,65,1,1,1,3,17,17,65,135,17
62,57,64,1,1,62,1,65,23,65,1,1,1,3,18,18,12,195,18
62,57,64,1,1,62,1,65,23,65,1,1,1,3,19,19,7,98,19
62,57,64,1,1,62,1,65,23,65,1,1,1,6,20,20,10,81,20
62,57,64,1,1,62,1,65,23,65,1,1,1,6,21,21,8,198,21
62,57,64,1,1,62,1,65,23,67,1,1,1,6,48,22,19,97,22
62,57,64,1,1,62,1,65,23,65,1,1,2,6,23,23,9,317,23
62,57,64,1,1,62,1,65,23,65,1,1,1,6,24,24,62,244,24
62,57,64,1,1,62,1,65,23,65,1,27,1,6,25,25,13,66,25
62,57,64,1,1,62,1,65,23,65,1,1,1,22,1,26,39,95,1
62,57,64,1,1,62,1,65,23,65,1,1,1,1,2,2,7,90,2
62,57,64,1,1,62,1,65,23,65,1,1,1,1,3,3,29,90,3
62,57,64,1,1,62,1,65,23,65,1,26,1,1,4,4,29,318,4
62,57,64,1,1,62,1,65,23,65,1,1,1,1,5,5,1,6,5
62,57,64,1,1,62,1,65,23,65,1,1,1,1,6,6,5,188,6
62,57,64,1,1,62,1,65,23,65,1,1,1,1,7,7,5,4,7
62,57,64,1,1,62,1,65,23,65,1,1,1,1,8,8,5,4,8
64,58,66,1,1,64,1,66,59,68,12,7,1,2,9,9,5,195,9
65,58,66,1,1,64,1,66,59,68,1,7,1,2,10,10,5,99,10
64,58,66,1,1,64,1,66,59,68,1,7,1,2,11,11,31,86,11
64,58,66,1,1,64,1,66,59,68,1,7,1,2,12,12,5,86,12
64,58,66,1,1,64,1,66,59,69,1,7,1,2,13,13,27,80,13
64,58,66,1,1,64,1,66,59,68,1,7,1,2,14,14,1,6,14
64,58,66,1,1,64,1,66,59,69,1,7,1,2,15,15,1,6,15
64,58,66,1,1,64,2,66,59,68,1,7,1,3,16,16,29,166,16
64,58,66,1,1,64,1,66,59,68,1,7,1,3,17,17,17,66,17
64,58,66,1,1,64,2,66,59,68,1,7,1,3,18,18,15,188,18
64,58,66,1,1,64,1,66,59,68,1,7,1,3,19,19,5,89,19
66,58,66,1,1,64,1,66,59,68,1,7,1,6,20,20,43,255,20
64,58,66,1,1,64,1,66,59,68,1,7,3,6,21,21,5,10,21
64,58,66,1,1,64,1,66,59,68,1,7,1,6,22,22,5,39,22
64,58,66,1,1,64,1,66,59,68,1,7,1,6,23,23,2,309,23
64,58,66,1,1,64,1,66,59,68,1,7,1,6,24,24,29,27,24
64,58,66,1,1,64,1,66,59,68,1,7,1,6,25,61,29,190,25
64,58,66,1,1,64,1,66,59,68,1,7,1,1,1,26,1,6,1
64,58,66,1,1,65,1,66,60,68,1,7,1,1,2,2,1,6,2
64,58,66,1,1,64,1,66,59,68,1,7,1,1,3,3,1,6,3
64,58,66,1,1,64,1,66,59,68,1,7,1,1,4,4,1,6,4
64,58,66,1,1,64,1,66,59,68,1,7,1,1,5,5,1,6,5
64,58,66,1,1,64,1,66,59,68,1,7,1,1,6,6,5,105,6
64,58,66,1,1,64,1,66,59,68,1,7,1,1,7,7,5,95,7
64,58,66,1,1,64,1,66,59,68,1,7,1,1,8,8,5,95,8
67,59,67,1,1,59,1,67,57,70,6,10,1,15,51,62,5,4,69
67,60,67,1,1,59,1,67,57,70,1,10,1,15,33,36,5,4,33
67,59,67,1,1,59,1,67,57,70,1,10,1,15,34,37,5,4,34
67,59,67,1,1,59,1,67,57,70,1,10,1,2,9,9,5,319,9
67,59,67,1,1,59,1,67,57,70,1,10,1,2,10,10,5,172,10
67,59,67,1,1,59,1,67,57,70,1,10,1,2,11,11,5,102,11
67,59,67,1,1,59,1,67,57,70,1,10,1,2,12,12,5,282,12
67,59,67,1,1,59,1,67,57,70,1,10,1,2,13,13,5,22,13
67,59,67,1,1,59,1,67,57,70,1,10,1,2,14,14,18,74,14
67,59,67,1,1,59,1,67,57,70,1,10,1,2,15,15,5,89,15
67,59,67,1,1,59,1,67,57,70,1,10,1,3,16,16,5,320,16
67,59,67,1,1,59,1,67,57,70,1,10,1,3,17,17,5,278,17
67,59,67,1,1,59,1,67,57,70,1,10,1,3,18,18,5,145,18
67,59,68,1,1,59,1,67,57,70,1,10,1,3,19,63,5,66,19
67,59,67,1,1,59,1,67,57,71,1,10,1,6,20,20,8,153,20
67,59,67,1,1,59,1,67,61,70,1,10,1,6,21,21,2,24,21
67,59,67,1,1,59,1,67,57,70,1,10,1,6,22,22,5,309,22
67,59,67,1,1,59,1,67,57,70,1,10,3,6,23,23,29,321,23
67,59,67,1,1,59,1,67,57,70,1,10,1,6,24,24,62,322,74
67,61,67,1,1,59,1,67,57,70,1,10,2,6,25,25,8,323,25
67,62,67,1,1,59,3,67,57,70,1,10,1,1,1,26,24,23,1
67,59,67,1,1,59,1,68,57,70,1,10,1,1,2,2,24,324,2
67,59,67,1,1,59,1,67,57,70,1,10,1,1,3,3,24,325,3
67,59,67,1,1,59,1,67,57,70,1,10,1,1,4,4,26,326,4
67,59,67,1,1,59,1,67,57,70,2,10,1,1,5,5,62,7,5
67,59,67,1,1,59,1,67,57,70,1,10,1,1,6,6,5,327,6
67,59,67,1,1,59,1,67,57,70,1,10,1,1,7,7,13,328,7
67,59,67,1,1,59,1,67,57,70,1,10,1,1,8,8,16,328,8
68,63,69,1,1,66,1,69,62,72,1,1,4,2,45,9,66,188,9
68,63,69,1,1,66,1,69,62,72,1,1,4,2,10,10,28,89,10
68,63,69,1,1,66,1,69,62,72,1,1,4,2,11,11,5,86,11
69,63,69,1,1,66,1,69,62,72,1,1,4,2,12,12,35,94,12
68,63,70,1,1,66,1,69,62,72,1,1,4,2,13,13,21,90,13
68,63,71,1,1,66,1,69,62,72,1,1,4,2,14,14,1,6,14
68,63,69,1,1,66,1,69,62,72,1,1,4,2,15,15,1,6,15
68,63,69,1,1,66,1,69,62,72,1,1,4,3,16,16,66,103,16
68,64,69,1,1,66,1,69,62,72,1,1,4,3,17,17,67,73,17
68,63,69,1,1,66,1,69,62,72,1,1,4,3,18,18,39,94,18
68,63,69,1,1,66,1,69,62,72,1,1,4,3,19,19,4,74,19
68,63,69,1,1,66,1,69,62,72,1,1,4,6,20,20,19,88,20
68,63,69,1,1,66,1,69,62,72,1,1,4,6,21,21,28,37,21
68,63,69,1,1,66,1,69,63,72,1,1,4,6,22,22,7,36,22
68,63,69,1,1,66,1,69,62,72,1,1,4,6,23,23,2,138,23
68,63,72,1,1,66,1,69,62,72,1,1,4,6,24,24,28,101,24
68,63,69,1,1,66,1,69,62,72,1,1,4,6,25,25,68,225,25
68,63,69,1,1,66,1,69,62,72,1,1,4,1,1,26,1,1,1
68,63,69,1,1,66,1,69,62,72,1,1,4,1,2,2,1,1,2
68,63,69,1,1,67,1,69,62,72,4,1,4,1,3,3,1,1,3
68,63,69,1,1,66,1,69,62,72,1,1,4,1,4,4,1,1,4
68,63,69,1,1,66,1,69,62,72,1,1,4,1,5,5,1,1,5
68,63,69,1,1,66,1,69,62,72,1,1,4,1,6,6,1,1,6
68,63,69,1,1,66,1,69,62,72,1,1,4,1,7,7,1,1,7
68,63,69,1,1,66,1,69,62,72,1,1,4,1,8,8,1,1,8
70,65,73,1,1,68,1,70,43,73,1,10,1,9,9,9,5,4,9
71,66,74,1,1,68,1,70,43,73,13,10,1,2,10,10,5,86,10
71,65,73,1,1,68,1,70,43,73,1,10,1,2,11,11,1,6,11
71,65,73,1,1,68,1,70,43,73,1,10,1,2,12,12,1,6,12
71,65,73,1,1,68,1,70,43,73,1,10,1,2,13,13,5,37,13
71,65,73,1,1,69,1,70,43,73,1,10,1,2,14,14,1,6,14
71,65,73,1,1,68,1,70,43,73,1,10,1,2,15,15,1,6,15
71,67,73,1,1,68,1,70,43,73,1,10,1,3,16,16,10,119,16
71,65,73,1,1,68,1,70,43,73,1,10,1,3,17,17,8,329,17
71,65,73,1,1,68,1,70,43,73,6,10,1,3,18,18,5,39,18
71,65,73,1,1,68,1,70,43,73,1,10,1,3,19,19,5,90,19
71,65,73,1,1,68,1,70,64,73,1,10,1,6,20,20,5,258,20
71,65,73,1,1,68,1,70,43,73,1,10,1,6,21,21,9,169,21
71,65,73,1,1,70,1,70,43,73,1,10,1,6,22,22,5,147,22
71,65,73,1,1,68,1,70,43,73,1,10,1,6,23,23,8,66,23
71,65,73,1,1,68,1,70,43,73,1,10,1,6,24,24,8,166,24
71,65,73,1,1,68,1,70,43,73,1,10,1,6,25,25,5,140,25
71,65,73,1,1,68,1,70,43,73,1,10,1,1,1,26,5,330,1
71,65,73,1,1,68,1,70,43,73,1,10,1,1,2,2,8,331,2
71,65,73,1,1,68,1,70,43,73,1,10,1,28,3,3,5,28,3
71,65,73,1,1,68,1,70,43,73,1,10,1,1,4,4,5,332,4
71,65,73,1,1,68,1,70,43,73,6,10,1,1,5,5,1,6,5
71,65,73,1,1,68,1,70,43,73,1,10,1,1,6,6,5,333,6
71,65,73,1,1,68,1,70,43,73,1,10,1,1,7,7,5,24,7
71,65,73,1,1,68,1,70,43,73,1,10,1,1,8,8,5,24,8
72,68,75,1,1,71,1,71,65,74,1,1,1,2,9,9,5,105,9
72,68,75,1,1,71,1,71,65,74,1,1,1,2,10,10,5,37,10
72,68,75,1,1,71,1,71,65,74,1,1,1,2,11,11,5,37,11
72,68,75,1,1,71,1,71,65,74,1,1,1,2,12,12,1,6,12
72,68,75,1,1,71,1,71,65,74,1,1,1,2,13,13,5,95,13
72,68,75,1,1,72,1,71,65,74,1,1,1,2,14,14,1,6,14
72,68,76,1,1,71,1,71,65,74,1,1,1,2,15,15,1,6,15
72,69,75,1,1,71,1,71,65,74,1,1,1,3,16,16,28,147,16
72,68,75,1,1,71,1,71,65,74,1,1,1,3,17,17,42,39,17
72,68,75,1,1,71,1,71,65,74,1,1,1,3,18,18,5,105,18
72,68,75,1,1,71,1,71,65,74,1,1,1,3,19,19,69,105,19
72,68,75,1,1,71,1,71,65,74,1,1,1,6,20,20,25,334,20
72,68,75,1,1,71,1,71,65,74,1,1,1,6,21,21,20,54,21
72,68,75,1,1,71,1,71,65,74,1,1,1,6,22,22,20,202,22
72,68,75,1,1,71,1,71,65,74,1,1,1,6,23,23,9,199,23
72,68,75,1,1,71,1,71,65,74,1,1,1,6,24,24,51,219,24
72,68,75,1,1,71,1,71,65,74,1,1,1,6,25,25,30,108,25
72,68,75,1,1,71,1,71,65,74,1,1,1,1,1,64,34,74,1
72,68,75,1,1,71,1,71,65,74,1,1,1,1,2,2,30,76,2
72,68,75,1,1,71,1,71,65,74,1,1,1,1,3,3,18,102,75
